1.853182195160723440e-06
1.853856802860980349e-06
1.854491219602297818e-06
1.855085199411516159e-06
1.855604855008947211e-06
1.856099907936242971e-06
1.856548646677401467e-06
1.856943755968703903e-06
1.857282659131307553e-06
1.857568514731450576e-06
1.857819432417723615e-06
1.858023195586483714e-06
1.858184596233833692e-06
1.858275357847050027e-06
1.858328766840259240e-06
1.858325183130864937e-06
1.858273528770768816e-06
1.858167455354514895e-06
1.858004953288883030e-06
1.857805351843788660e-06
1.857526655081081408e-06
1.857200507055564322e-06
1.856825714381003733e-06
1.856392586175184968e-06
1.855897691672917997e-06
1.855346872848591947e-06
1.854746310864720547e-06
1.854087760415622578e-06
1.853370910471276265e-06
1.852591840566491293e-06
1.851757287459427029e-06
1.850872161133701034e-06
1.849923736153546093e-06
1.848909038852509394e-06
1.847839738260343051e-06
1.846714554991703316e-06
1.845526378674786176e-06
1.844283266586383899e-06
1.842970391563715495e-06
1.841609197036142350e-06
1.840188264224289631e-06
1.838711826900960344e-06
1.837163835535113021e-06
1.835563156574503293e-06
1.833904682604442255e-06
1.832186316165796033e-06
1.830406290396004664e-06
1.828566815083680458e-06
1.826672753920498410e-06
1.824716941524790080e-06
1.822698854509462585e-06
1.820626905406462379e-06
1.818499974906813512e-06
1.816322114026568717e-06
1.814078413639319362e-06
1.811786376158511717e-06
1.809442410652356919e-06
1.807047764769313929e-06
1.804605970147988835e-06
1.802094398727175328e-06
1.799550736875034494e-06
1.796954002380620521e-06
1.794316566779947382e-06
1.791618699656253484e-06
1.788885106915057430e-06
1.786113599008482429e-06
1.783298213367550165e-06
1.780432238888434416e-06
1.777540580867891723e-06
1.774609269386363678e-06
1.771642240170702788e-06
1.768641027571852861e-06
1.765616740164803425e-06
1.762562180222820588e-06
1.759475981234151097e-06
1.756364620031050550e-06
1.753235954520174562e-06
1.750090872695480446e-06
1.746920421888650449e-06
1.743731740601027550e-06
1.740533316010694896e-06
1.737323143176512628e-06
1.734102071961900824e-06
1.730873470341812868e-06
1.727630774288992204e-06
1.724394686225401982e-06
1.721153994424447905e-06
1.717917038882408506e-06
1.714676042772819932e-06
1.711449825729213460e-06
1.708228274516177090e-06
1.705022369579703759e-06
1.701821831450586852e-06
1.698643163518260187e-06
1.695480715407200222e-06
1.692340889771294723e-06
1.689215465572992532e-06
1.686119042645125153e-06
1.683053397688842199e-06
1.680017907853947128e-06
1.677004482047653175e-06
1.674032453342981713e-06
1.671097478200955111e-06
1.668200258753191072e-06
1.665334335167691241e-06
1.662518296498347652e-06
1.659743112539948005e-06
1.657017291743884575e-06
1.654335189565769140e-06
1.651692176166117766e-06
1.649105445127764089e-06
1.646571177397343991e-06
1.644087790909094658e-06
1.641650230541707189e-06
1.639276164256894988e-06
1.636960012857669728e-06
1.634699609490920131e-06
1.632491219098575422e-06
1.630350016206004384e-06
1.628274310470283200e-06
1.626256498824521730e-06
1.624295281130275349e-06
1.622405461504352566e-06
1.620578476309374391e-06
1.618819567679065259e-06
1.617116850268186380e-06
1.615488633531681297e-06
1.613927203528465356e-06
1.612431368775415550e-06
1.611001186583974981e-06
1.609644375239747535e-06
1.608357076933764957e-06
1.607138107956194840e-06
1.605989255946618869e-06
1.604900283195788012e-06
1.603888823428277238e-06
1.602946883650458265e-06
1.602073296830289214e-06
1.601260225110372895e-06
1.600521882553200327e-06
1.599851557626640327e-06
1.599249174660406970e-06
1.598709947652861252e-06
1.598241469196909516e-06
1.597839742927836009e-06
1.597510426738478978e-06
1.597237107128233974e-06
1.597038405361015603e-06
1.596901314758313672e-06
1.596833305707172254e-06
1.596821698787579751e-06
1.596880114879963239e-06
1.597002077472475332e-06
1.597189639669127373e-06
1.597425835895733487e-06
1.597734539334080172e-06
1.598102271307140793e-06
1.598528678551454107e-06
1.599016678763069537e-06
1.599550099505012096e-06
1.600151620565762732e-06
1.600808049477860906e-06
1.601519674014939377e-06
1.602276649522733247e-06
1.603098817937750174e-06
1.603972888520426707e-06
1.604899186205830796e-06
1.605865722278083364e-06
1.606894444353513633e-06
1.607970007685584911e-06
1.609097883074264910e-06
1.610257135443410211e-06
1.611473281625669258e-06
1.612732109581949688e-06
1.614033888957461297e-06
1.615367877003131130e-06
1.616752556489969149e-06
1.618180844388564075e-06
1.619646650465022304e-06
1.621148920099436196e-06
1.622685990433363171e-06
1.624265255393760965e-06
1.625879255794433891e-06
1.627528433873561380e-06
1.629205543207076786e-06
1.630923209808249786e-06
1.632666348806432708e-06
1.634448255708766675e-06
1.636248236456811603e-06
1.638082407531225882e-06
1.639947361782128756e-06
1.641840222762865084e-06
1.643750939515671809e-06
1.645701437801326412e-06
1.647670744918385820e-06
1.649663744850277340e-06
1.651673089544379288e-06
1.653716101466796051e-06
1.655776163912220310e-06
1.657858473995818801e-06
1.659950488778707625e-06
1.662069368728249060e-06
1.664203610572176744e-06
1.666353364608408376e-06
1.668520508818580109e-06
1.670694700716642802e-06
1.672887046320628994e-06
1.675099463053086012e-06
1.677322708011762340e-06
1.679544199866487284e-06
1.681791696381560270e-06
1.684048716853059371e-06
1.686315869750557719e-06
1.688578143189432815e-06
1.690865033714949469e-06
1.693154201837954378e-06
1.695449605937702267e-06
1.697738931903333263e-06
1.700050108386613896e-06
1.702359799967859408e-06
1.704673946708549305e-06
1.706979363670704744e-06
1.709291080791399110e-06
1.711611687698243765e-06
1.713928095959169912e-06
1.716238897584769038e-06
1.718555159734924345e-06
1.720871295594334712e-06
1.723192608557139678e-06
1.725503549362048453e-06
1.727804521735072333e-06
1.730111376587516598e-06
1.732420903012425382e-06
1.734714290099446378e-06
1.737000874474600657e-06
1.739281122485956078e-06
1.741556600643979549e-06
1.743823948425505712e-06
1.746078473573273853e-06
1.748322092213315023e-06
1.750564259288564079e-06
1.752796290549307498e-06
1.755002871416368221e-06
1.757210653652814311e-06
1.759406110954076287e-06
1.761593787531089035e-06
1.763759443619351236e-06
1.765921027102238829e-06
1.768065102124792619e-06
1.770197475062252748e-06
1.772303618058698487e-06
1.774408204814922155e-06
1.776497432183333566e-06
1.778570262797256124e-06
1.780638235680654334e-06
1.782674969558371147e-06
1.784701260153711021e-06
1.786715835148773641e-06
1.788720111186654005e-06
1.790695847995190376e-06
1.792656772046646637e-06
1.794605813671944626e-06
1.796544550659145482e-06
1.798449781354194305e-06
1.800338259784713475e-06
1.802212438994981537e-06
1.804067957110999785e-06
1.805895622550549120e-06
1.807708144333633966e-06
1.809504648100913728e-06
1.811280919564932914e-06
1.813022956594895479e-06
1.814753333710163846e-06
1.816468181023255480e-06
1.818162888767489636e-06
1.819818480409608449e-06
1.821472001778886205e-06
1.823101102218878118e-06
1.824707844369967421e-06
1.826274899639244427e-06
1.827831107820649957e-06
1.829366773267186666e-06
1.830890424318353424e-06
1.832375424095280008e-06
1.833838741683117832e-06
1.835282486712059543e-06
1.836707585050351253e-06
1.838105355468610044e-06
1.839471997480634537e-06
1.840820814367835205e-06
1.842151724576334686e-06
1.843448668038236912e-06
1.844710953066392052e-06
1.845962040606060474e-06
1.847176272904358844e-06
1.848375127168200881e-06
1.849534878865974436e-06
1.850682972928317809e-06
1.851790073775554471e-06
1.852878420410703133e-06
1.853937950021727631e-06
1.854966095190919071e-06
1.855982890779502691e-06
1.856956741962899706e-06
1.857904947491621607e-06
1.858832961505972507e-06
1.859724223338475053e-06
1.860595529271523616e-06
1.861441860189146370e-06
1.862247526091177341e-06
1.863028986495907193e-06
1.863785927622618911e-06
1.864517616085973689e-06
1.865208992185525157e-06
1.865872578221174119e-06
1.866515981793531057e-06
1.867126335401502521e-06
1.867697091522405093e-06
1.868248907931953740e-06
1.868774224517188465e-06
1.869269350330558029e-06
1.869726401401516297e-06
1.870149560683735258e-06
1.870551218688376267e-06
1.870923477378516671e-06
1.871249952795568405e-06
1.871548233481121857e-06
1.871817696534327913e-06
1.872048871594820806e-06
1.872235314632282815e-06
1.872402480576358230e-06
1.872527857698016566e-06
1.872618047417663481e-06
1.872669132476771262e-06
1.872679352270129120e-06
1.872668658126897078e-06
1.872611767460778183e-06
1.872516768502194946e-06
1.872381046567220402e-06
1.872211923667588165e-06
1.872003830451434419e-06
1.871746450654238033e-06
1.871447922892044462e-06
1.871120957589848194e-06
1.870743813482921378e-06
1.870320986358538258e-06
1.869852752512025072e-06
1.869350061770163916e-06
1.868806586600975984e-06
1.868211512699864788e-06
1.867561096091134638e-06
1.866881469348659600e-06
1.866150482631256988e-06
1.865375630624156842e-06
1.864538254779350950e-06
1.863662600672619237e-06
1.862734337136548607e-06
1.861759581202080599e-06
1.860731009608985316e-06
1.859641362357325572e-06
1.858512152614312453e-06
1.857329926412043749e-06
1.856099263713789878e-06
1.854810186059855911e-06
1.853470704223034521e-06
1.852074359552560325e-06
1.850637749158523216e-06
1.849131335203661092e-06
1.847575635581376653e-06
1.845970380870894402e-06
1.844306735422256132e-06
1.842583708258813594e-06
1.840806482266858181e-06
1.838980884339682232e-06
1.837099771300294007e-06
1.835155299667676020e-06
1.833161820581897523e-06
1.831114420766711072e-06
1.829013210545274325e-06
1.826844676262960201e-06
1.824633453355683726e-06
1.822370808154494044e-06
1.820055102629784164e-06
1.817680972861299934e-06
1.815248326584180169e-06
1.812777506382538465e-06
1.810254788728445957e-06
1.807674517163366252e-06
1.805037576693480714e-06
1.802367082766170221e-06
1.799644534715417655e-06
1.796865023637336992e-06
1.794041925129900375e-06
1.791175288814092083e-06
1.788264980966893310e-06
1.785309773442126913e-06
1.782305364048696607e-06
1.779269937931312256e-06
1.776193372650305232e-06
1.773079830354305740e-06
1.769928986015842793e-06
1.766744594673026908e-06
1.763535755111527486e-06
1.760287801609900792e-06
1.757004906961013174e-06
1.753703657398379783e-06
1.750375058731963681e-06
1.747026600560965458e-06
1.743648503386897329e-06
1.740258023372697430e-06
1.736849311492521581e-06
1.733430625267059346e-06
1.729994584178981450e-06
1.726545095416909518e-06
1.723091736576598783e-06
1.719632692919000279e-06
1.716171330618794574e-06
1.712700836446555974e-06
1.709234804798036666e-06
1.705774406455623418e-06
1.702319350883815655e-06
1.698866647223108457e-06
1.695424553861709827e-06
1.692003610111222867e-06
1.688589666649878208e-06
1.685191901186699751e-06
1.681819209154519612e-06
1.678467928717022094e-06
1.675136663844094347e-06
1.671830382677458981e-06
1.668556941305890253e-06
1.665313080580493255e-06
1.662104266182669382e-06
1.658918704908224717e-06
1.655778013368868938e-06
1.652675857138709115e-06
1.649618928015785412e-06
1.646598772364507744e-06
1.643620391368167515e-06
1.640693154553372728e-06
1.637814565249245601e-06
1.634984405956817190e-06
1.632204053920882152e-06
1.629480004335123204e-06
1.626803241690117592e-06
1.624192564716749086e-06
1.621620595516626914e-06
1.619118329228298655e-06
1.616680421462328092e-06
1.614294722558974262e-06
1.611969671353239605e-06
1.609710714699036097e-06
1.607520281259134958e-06
1.605388575616147089e-06
1.603318398963668112e-06
1.601319807382519003e-06
1.599384119434190126e-06
1.597521027516329997e-06
1.595721616800935386e-06
1.593992337891959100e-06
1.592330368857261959e-06
1.590745399634976038e-06
1.589220271845301734e-06
1.587762533489076190e-06
1.586379856534612417e-06
1.585071401564259883e-06
1.583831522221897834e-06
1.582649567773227385e-06
1.581547269546112069e-06
1.580519283144593091e-06
1.579557926334365976e-06
1.578658852225581438e-06
1.577838669334012555e-06
1.577092854506627584e-06
1.576412150028682530e-06
1.575795428662430323e-06
1.575253927020505005e-06
1.574780752127720497e-06
1.574373593779008730e-06
1.574033629303409110e-06
1.573759879248936752e-06
1.573554794472456745e-06
1.573416104485358580e-06
1.573338093472560366e-06
1.573328131185558783e-06
1.573377317401999328e-06
1.573497354239301616e-06
1.573668072456375505e-06
1.573914531885081417e-06
1.574224161197112802e-06
1.574584269318761298e-06
1.575013266640964451e-06
1.575493289569091474e-06
1.576036127598170329e-06
1.576640301853441011e-06
1.577299578671808592e-06
1.578007096012098682e-06
1.578776591183811154e-06
1.579604502594257255e-06
1.580485306968556134e-06
1.581411139043087586e-06
1.582398545401457404e-06
1.583439113880261687e-06
1.584530216071759312e-06
1.585661256636054168e-06
1.586852132382987432e-06
1.588090028838301226e-06
1.589374055996779680e-06
1.590697024355415740e-06
1.592073355388580159e-06
1.593491655261284444e-06
1.594954487934083525e-06
1.596453233119768507e-06
1.597999324134324469e-06
1.599584994069917161e-06
1.601212964614484533e-06
1.602880599067837353e-06
1.604576362502163560e-06
1.606317302077533432e-06
1.608096465400658543e-06
1.609910802570665412e-06
1.611749619218229209e-06
1.613629822382036496e-06
1.615543872241777233e-06
1.617489258022426225e-06
1.619457436819301817e-06
1.621462738201282128e-06
1.623496418647355864e-06
1.625559203135771837e-06
1.627639218867089262e-06
1.629753561835318527e-06
1.631894066207199151e-06
1.634059973242347260e-06
1.636238910169920112e-06
1.638452165811704555e-06
1.640686887900224068e-06
1.642943259379375770e-06
1.645214232516537313e-06
1.647511542583303147e-06
1.649830538826980173e-06
1.652165661432385849e-06
1.654513395399839140e-06
1.656879779053327067e-06
1.659265189516973615e-06
1.661663557184844986e-06
1.664076235742340903e-06
1.666490240003809331e-06
1.668927503018709208e-06
1.671375530387873075e-06
1.673834654319082494e-06
1.676294394609926550e-06
1.678773369215881787e-06
1.681262528540928707e-06
1.683760179515587206e-06
1.686256338919220341e-06
1.688768658809404623e-06
1.691286529172334526e-06
1.693811504544486967e-06
1.696329971612736167e-06
1.698861805560488044e-06
1.701398462775612672e-06
1.703939372445232276e-06
1.706471996992232124e-06
1.709017683541182637e-06
1.711567331234171389e-06
1.714117908103996145e-06
1.716659992774717872e-06
1.719209296736946022e-06
1.721760247572309540e-06
1.724309159829738473e-06
1.726845442778088930e-06
1.729390421032230446e-06
1.731929079369065403e-06
1.734460104703309020e-06
1.736990856878362075e-06
1.739502449937250978e-06
1.742021132632602329e-06
1.744529924289990313e-06
1.747032319616571365e-06
1.749518494050689100e-06
1.752006305878198274e-06
1.754483690177237002e-06
1.756951885387536130e-06
1.759401016966705069e-06
1.761850104900643221e-06
1.764285836104603765e-06
1.766710131783979147e-06
1.769115330355008081e-06
1.771514617445494098e-06
1.773901428632005760e-06
1.776271799916862897e-06
1.778623201517889701e-06
1.780970863295295643e-06
1.783297100528905163e-06
1.785613936616019795e-06
1.787904653981178514e-06
1.790187507978329752e-06
1.792451430208357809e-06
1.794699790509823443e-06
1.796928974361741059e-06
1.799127765031393883e-06
1.801315994161782458e-06
1.803481139306712380e-06
1.805631409136660539e-06
1.807745363098508858e-06
1.809852264440109932e-06
1.811934501540875716e-06
1.813992558641344358e-06
1.816018503927165812e-06
1.818034576003380360e-06
1.820022753357416771e-06
1.821990901702435752e-06
1.823924742057862501e-06
1.825839933324126546e-06
1.827730720680340185e-06
1.829597394139635811e-06
1.831426937850360664e-06
1.833237625784104206e-06
1.835026386226570097e-06
1.836781952524956187e-06
1.838497903157573720e-06
1.840199423590338870e-06
1.841868750489636958e-06
1.843508985793421366e-06
1.845111994796785910e-06
1.846687462515977193e-06
1.848238419229954696e-06
1.849756825053659787e-06
1.851239273901469011e-06
1.852686267699252287e-06
1.854108874819330062e-06
1.855495450621525113e-06
1.856848583649906466e-06
1.858159637307701729e-06
1.859437636132211553e-06
1.860678994815652136e-06
1.861884155522858329e-06
1.863045275686375159e-06
1.864170943720334423e-06
1.865261242994378107e-06
1.866309313239573141e-06
1.867310950491639113e-06
1.868282724250939843e-06
1.869209611763975079e-06
1.870097415262863695e-06
1.870938998979950378e-06
1.871740201294786145e-06
1.872498758456964547e-06
1.873212355653755642e-06
1.873876707050205827e-06
1.874500952559444373e-06
1.875077120656893811e-06
1.875610128991023240e-06
1.876093476187676636e-06
1.876534195689441415e-06
1.876923259056900885e-06
1.877272622153707055e-06
1.877568101554671099e-06
1.877811855059156103e-06
1.878006905678871512e-06
1.878155102983855289e-06
1.878256576767396080e-06
1.878293923227679448e-06
1.878287834722857067e-06
1.878230390030907375e-06
1.878119060510118992e-06
1.877946297770523391e-06
1.877729093182084143e-06
1.877456288737032656e-06
1.877134653361007366e-06
1.876744705769989189e-06
1.876308465591182663e-06
1.875821042418243898e-06
1.875279299959910297e-06
1.874672853669701005e-06
1.874026240108349568e-06
1.873313232694129374e-06
1.872555644928372788e-06
1.871725532756032264e-06
1.870847145092750287e-06
1.869917406218382370e-06
1.868928836535737758e-06
1.867880429700464896e-06
1.866785486989589796e-06
1.865630435415553888e-06
1.864420203661404840e-06
1.863152144021149830e-06
1.861829003167417941e-06
1.860455286061848040e-06
1.859022516414771124e-06
1.857535187820366292e-06
1.855987645288817342e-06
1.854394272920920223e-06
1.852742548051595990e-06
1.851040107849599088e-06
1.849279249408353130e-06
1.847465258451685258e-06
1.845601097000323585e-06
1.843691896042066472e-06
1.841724927949650336e-06
1.839713138110996629e-06
1.837653138619858759e-06
1.835541255893637001e-06
1.833379259651005735e-06
1.831175421433929079e-06
1.828930039617672931e-06
1.826633796072684954e-06
1.824288677168736538e-06
1.821914928732242853e-06
1.819493116033566774e-06
1.817027712192768470e-06
1.814527665773781786e-06
1.811992544142149948e-06
1.809413621267100359e-06
1.806799401632270976e-06
1.804164230417470639e-06
1.801477924063816940e-06
1.798770275515203447e-06
1.796040423861712908e-06
1.793280282654147126e-06
1.790491136930547304e-06
1.787677734076775241e-06
1.784847113570685862e-06
1.781990589922352285e-06
1.779110053155050845e-06
1.776216994041208637e-06
1.773311170111766524e-06
1.770391139158061181e-06
1.767450432060204130e-06
1.764501362946501371e-06
1.761542694727833033e-06
1.758580718356270024e-06
1.755606921244944548e-06
1.752632078224201216e-06
1.749662560283298091e-06
1.746685362015291052e-06
1.743705729933014051e-06
1.740741029933664072e-06
1.737783091160524261e-06
1.734825904323120671e-06
1.731881021386239578e-06
1.728939280798839583e-06
1.726011573587664282e-06
1.723105926025728170e-06
1.720213377011739444e-06
1.717329977841485155e-06
1.714481493658259955e-06
1.711648238548052252e-06
1.708834022020579950e-06
1.706041230509493822e-06
1.703289190661960934e-06
1.700555518797699495e-06
1.697852077064125043e-06
1.695175143359333002e-06
1.692527476923356153e-06
1.689922320662055331e-06
1.687343213842468156e-06
1.684800125476047421e-06
1.682296237736473526e-06
1.679830796978262601e-06
1.677407227987530815e-06
1.675015610662579595e-06
1.672669770486152146e-06
1.670369249397238835e-06
1.668114697131532800e-06
1.665896633342763288e-06
1.663726346450390198e-06
1.661606037397958828e-06
1.659532072958124531e-06
1.657507150311927409e-06
1.655522065006086319e-06
1.653593386184559453e-06
1.651715979311495779e-06
1.649892004188937345e-06
1.648112878335159784e-06
1.646389439263227073e-06
1.644721664476491953e-06
1.643104044353438521e-06
1.641536254359961141e-06
1.640026358204578441e-06
1.638573515139948087e-06
1.637175252480035788e-06
1.635822672814669881e-06
1.634533564951689133e-06
1.633295179056380289e-06
1.632119347070259470e-06
1.630983601649134972e-06
1.629915324134651085e-06
1.628898936184410864e-06
1.627944682385321635e-06
1.627033121882510734e-06
1.626184640622759551e-06
1.625393476411522045e-06
1.624655445707685160e-06
1.623971052019489229e-06
1.623339271981609786e-06
1.622770531065890149e-06
1.622251732851013943e-06
1.621789623691017341e-06
1.621372590031729792e-06
1.621017054061309356e-06
1.620717512902045829e-06
1.620465501390340830e-06
1.620264337181295637e-06
1.620118912992095759e-06
1.620024732328648449e-06
1.619981334642696625e-06
1.619984730118923886e-06
1.620045315640943588e-06
1.620157623902654296e-06
1.620319887339425802e-06
1.620521344762227704e-06
1.620779561683349635e-06
1.621089156087596629e-06
1.621440853329514573e-06
1.621835284515354289e-06
1.622282107331425475e-06
1.622772117108426486e-06
1.623305549222005955e-06
1.623877534970141412e-06
1.624499290413063492e-06
1.625161791122097378e-06
1.625866791327798249e-06
1.626606130384149792e-06
1.627392797269153505e-06
1.628222716067290584e-06
1.629085372900458153e-06
1.629985571559606426e-06
1.630930085924002723e-06
1.631908744502849741e-06
1.632922430979579747e-06
1.633973871962765943e-06
1.635054242920281659e-06
1.636172229636639762e-06
1.637326799057694266e-06
1.638512850397624676e-06
1.639723424294168191e-06
1.640972616783552933e-06
1.642254069684777931e-06
1.643570379225354642e-06
1.644903684424121191e-06
1.646270964890060884e-06
1.647666090426684311e-06
1.649090510799573164e-06
1.650534629158075466e-06
1.652008939716826563e-06
1.653503509650708974e-06
1.655026442093458255e-06
1.656562365282169870e-06
1.658127676586083774e-06
1.659716646680218065e-06
1.661326432044108435e-06
1.662947443792343035e-06
1.664595580500539268e-06
1.666265618085110761e-06
1.667953761181665315e-06
1.669648715637769298e-06
1.671368941814283993e-06
1.673108855998148661e-06
1.674862348132917096e-06
1.676630547919771185e-06
1.678405672280903153e-06
1.680201790352267191e-06
1.682012957616061295e-06
1.683834818803586475e-06
1.685666563284771794e-06
1.687516595550233975e-06
1.689375654982832090e-06
1.691247382318742878e-06
1.693121337398489551e-06
1.695013916472480642e-06
1.696911625236650349e-06
1.698813743582388860e-06
1.700721382563922702e-06
1.702641694843126705e-06
1.704566504153700475e-06
1.706496919144356684e-06
1.708424598820249022e-06
1.710364812197628466e-06
1.712310943036372539e-06
1.714251817247054379e-06
1.716198366333617033e-06
1.718150563439865315e-06
1.720107209260609011e-06
1.722060606929017509e-06
1.724009598204845192e-06
1.725968655041797669e-06
1.727925278820505793e-06
1.729880203576969434e-06
1.731835041179884849e-06
1.733785168806021740e-06
1.735734935633448667e-06
1.737680128067879759e-06
1.739626021087021504e-06
1.741558843173058860e-06
1.743495351116903555e-06
1.745423958343596724e-06
1.747349611634757019e-06
1.749268053846965791e-06
1.751177078169163626e-06
1.753091844948127444e-06
1.754995255095298378e-06
1.756887473853845894e-06
1.758776269042065346e-06
1.760657576665712825e-06
1.762537484318697719e-06
1.764397844442246924e-06
1.766254934284902637e-06
1.768101195792114564e-06
1.769943396086705114e-06
1.771763560881478046e-06
1.773578011566273727e-06
1.775384582929839052e-06
1.777178029477906927e-06
1.778955153615686104e-06
1.780732608398477408e-06
1.782493704611522753e-06
1.784243628736070228e-06
1.785981423760746954e-06
1.787695261976720377e-06
1.789409845801596195e-06
1.791115208653737906e-06
1.792799640425736525e-06
1.794462336255420343e-06
1.796123000422052849e-06
1.797770119951470302e-06
1.799399470237751205e-06
1.801009191496791158e-06
1.802617270404909146e-06
1.804200549308722124e-06
1.805780955798359030e-06
1.807331996772195322e-06
1.808871505238625941e-06
1.810396279512671999e-06
1.811904066796544805e-06
1.813389835886387949e-06
1.814858118320961207e-06
1.816314785681549851e-06
1.817754265739990847e-06
1.819157143457399225e-06
1.820562966304180864e-06
1.821941984446036451e-06
1.823290302903982096e-06
1.824624697005074767e-06
1.825948862983061108e-06
1.827242820505782598e-06
1.828521168481533433e-06
1.829768421746131784e-06
1.830995102743488825e-06
1.832211322962327893e-06
1.833388213744443292e-06
1.834555420446394033e-06
1.835693253377273600e-06
1.836804908388829786e-06
1.837900669739948717e-06
1.838963106468236096e-06
1.839998282266403165e-06
1.841021024632882120e-06
1.842010427188406732e-06
1.842981241039208101e-06
1.843913977295521562e-06
1.844821132722481095e-06
1.845709513584251413e-06
1.846562566957098079e-06
1.847391270043648642e-06
1.848192817401347751e-06
1.848953169985072905e-06
1.849694383895134154e-06
1.850401778130475251e-06
1.851069906823753565e-06
1.851723131540147129e-06
1.852342526004815098e-06
1.852919969511142023e-06
1.853462923800351681e-06
1.853979531088500254e-06
1.854455954703065812e-06
1.854905161658718042e-06
1.855318966689998148e-06
1.855704667937187497e-06
1.856048158862310128e-06
1.856351866181325841e-06
1.856610191603370107e-06
1.856841834088215178e-06
1.857040176981862396e-06
1.857200048012154654e-06
1.857304542451595351e-06
1.857383644452721491e-06
1.857412733053198243e-06
1.857407827394087279e-06
1.857352750278929976e-06
1.857273414095970848e-06
1.857139936368538316e-06
1.856969651145502991e-06
1.856742294764599117e-06
1.856474400365954470e-06
1.856175411441988745e-06
1.855820607384823568e-06
1.855416019300664971e-06
1.854964155844462963e-06
1.854477638510956507e-06
