3.261227798600943975e-09
5.610191499810159674e-09
1.646125355012660650e-08
2.610585133173595173e-08
3.561965876239124853e-08
6.548579038474126484e-08
3.439847290941454778e-08
3.544403568488070284e-08
2.634296713241287458e-08
2.412650896157363623e-08
2.211298322233929836e-08
1.950893467027623436e-08
1.759508243560324275e-08
1.853950492404165238e-08
1.974708227172224793e-08
2.169777945967158115e-08
2.365310659327871516e-08
2.614949037928218515e-08
2.930326567384961608e-08
3.287620051917766181e-08
3.691562017593312633e-08
4.121244724667959760e-08
4.591225412650268588e-08
5.078374289888000317e-08
5.590907076985414766e-08
6.106079620198644895e-08
6.649914205836553748e-08
7.196774234948692242e-08
7.754142524604372090e-08
8.308411442501743717e-08
8.870723150711239753e-08
9.437775753105093769e-08
1.001976909466008186e-07
1.059890634221841840e-07
1.118391696486729757e-07
1.175278719409376938e-07
1.232828893570810067e-07
1.289945226564661359e-07
1.347720017305953392e-07
1.404308832545630412e-07
1.461605290212246271e-07
1.518805951138262415e-07
1.577060148359305893e-07
1.634068332845741968e-07
1.690864756037226392e-07
1.746587409490634778e-07
1.803166895157956536e-07
1.859073497897365620e-07
1.914834003528450902e-07
1.969230938444739704e-07
2.023993719667403092e-07
2.078476146694249866e-07
2.133869721545197021e-07
2.188466164821776188e-07
2.242923422124292233e-07
2.296374117300055142e-07
2.350409132877574165e-07
2.404103619754304425e-07
2.458517609578153538e-07
2.512293530560996167e-07
2.566359066037200059e-07
2.619691595541885401e-07
2.673349004813300052e-07
2.726252816317955834e-07
2.779308361329306141e-07
2.831559707064595660e-07
2.884251691433371333e-07
2.936631686556637476e-07
2.989498368933965141e-07
3.041709521631657721e-07
3.094210312048168631e-07
3.146044885300007964e-07
3.198224239470808420e-07
3.249667234804655710e-07
3.301322465318040244e-07
3.352422222662600852e-07
3.403747231840265931e-07
3.454387441393254831e-07
3.505300445863036101e-07
3.555713159221283002e-07
3.606342048833635377e-07
3.656456748182399409e-07
3.706933810947973617e-07
3.756858726122080499e-07
3.806857472766370765e-07
3.856186490276428185e-07
3.905598963575053609e-07
3.954448046762719078e-07
4.003348528417278313e-07
4.051497077419371697e-07
4.099845207160631850e-07
4.147590395602617350e-07
4.195369341382197946e-07
4.242613029695293963e-07
4.289968330008514167e-07
4.336719664325652500e-07
4.383473947252319131e-07
4.429628112854627790e-07
4.475797273165156758e-07
4.521243737597817599e-07
4.566651766208534416e-07
4.611327203726630183e-07
4.656091790688227352e-07
4.700199092282367435e-07
4.744166658192678506e-07
4.787540355679824903e-07
4.830915344095216622e-07
4.873477316098815174e-07
4.915968067816618452e-07
4.957802767046953124e-07
4.999461538704693907e-07
5.040334130601390616e-07
5.081073015574021722e-07
5.121088692469603152e-07
5.160901484874295219e-07
5.199987789611966949e-07
5.238819303698291595e-07
5.276994712674175466e-07
5.314895557341691194e-07
5.351871199341534041e-07
5.388655560643765488e-07
5.424715156078425984e-07
5.460377831302931384e-07
5.495204661887891480e-07
5.529821960401061012e-07
5.563521459459622937e-07
5.596962799137295565e-07
5.629386686573129419e-07
5.661562927968489231e-07
5.692881747337192928e-07
5.723679242979124156e-07
5.753654785969480090e-07
5.783175400236317193e-07
5.811780633472906898e-07
5.839852738221563131e-07
5.867054491710382918e-07
5.893827600422222173e-07
5.919518021506815253e-07
5.944629887355389304e-07
5.968833764678166138e-07
5.992455421145974673e-07
6.014975427058559114e-07
6.036957927451873150e-07
6.058005687558374964e-07
6.078255708307254798e-07
6.097585362636330874e-07
6.116325883786661281e-07
6.134020031824322490e-07
6.151003042622575866e-07
6.166732680393692164e-07
6.181859593533638924e-07
6.195847869681187856e-07
6.209033736228224934e-07
6.221188543357977815e-07
6.232706418792982763e-07
6.243054959395631704e-07
6.252781492937829026e-07
6.261535792906640058e-07
6.269536449111916392e-07
6.276359623409467926e-07
6.282165441099670649e-07
6.286848018576488514e-07
6.290659522402579185e-07
6.293232278401349553e-07
6.294916630143994589e-07
6.295364991552263217e-07
6.294978130894631697e-07
6.293444420657487248e-07
6.291131154070583822e-07
6.287740108521578929e-07
6.283317337150925330e-07
6.277959479356330817e-07
6.271870441732828411e-07
6.264666264352964923e-07
6.256669047162146470e-07
6.247637773222160252e-07
6.237828401925710048e-07
6.227106333461788869e-07
6.215663531737980636e-07
6.203349975480247233e-07
6.190413761521651064e-07
6.176390766843870575e-07
6.161981871638638307e-07
6.146778093944531739e-07
6.131060510008923863e-07
6.114582640821152913e-07
6.097613909125072061e-07
6.080098947589634796e-07
6.062172730116944469e-07
6.043738128731828286e-07
6.025106248120243877e-07
6.005905209149387716e-07
5.986665890508855188e-07
5.967171329662351905e-07
5.947680207120747003e-07
5.927958526855992165e-07
5.908194652068125279e-07
5.888512954994732214e-07
5.868982687563840221e-07
5.849473222409262731e-07
5.830257020104380134e-07
5.811114015509514094e-07
5.792410790654256062e-07
5.773970562442795209e-07
5.756074693375204291e-07
5.738559006661904947e-07
5.721529212300821066e-07
5.705114249551932530e-07
5.689444764007507114e-07
5.674359232185701138e-07
5.660085425500023444e-07
5.646430552189363878e-07
5.633732823581810526e-07
5.621799647410282005e-07
5.610857238772398363e-07
5.600758603084772633e-07
5.591620672986643658e-07
5.583455136421248207e-07
5.576435343331140409e-07
5.570349012276196662e-07
5.565431402340315912e-07
5.561408872507606535e-07
5.558663002062886132e-07
5.556952824748295885e-07
5.556458121219581109e-07
5.556985017049982225e-07
5.558683698703444323e-07
5.561490124521850215e-07
5.565547522961082891e-07
5.570663257142129479e-07
5.576936027647468229e-07
5.584327785417898252e-07
5.592952744976566267e-07
5.602614892500868122e-07
5.613480796042127951e-07
5.625268693642709326e-07
5.638298956612897690e-07
5.652311867666566679e-07
5.667454209778999861e-07
5.683523340445948288e-07
5.700615608726084237e-07
5.718663980154423187e-07
5.737804126189080279e-07
5.757792688406268666e-07
5.778853094244024423e-07
5.800663977825864836e-07
5.823567128893875780e-07
5.847317210438202618e-07
5.872060564229627411e-07
5.897621424989016080e-07
5.924050589879910502e-07
5.951336266172920228e-07
5.979552409314784067e-07
6.008492552916245311e-07
6.038337795437140204e-07
6.068736493249076334e-07
6.100072735943322101e-07
6.132015535381287470e-07
6.164736436864339591e-07
6.198029364263613802e-07
6.231930261961723299e-07
6.266443231115959720e-07
6.301638307693732569e-07
6.337326172502369465e-07
6.373589260265784176e-07
6.410361906100692049e-07
6.447785131973968326e-07
6.485613432243534910e-07
6.524076065163341865e-07
6.562789512066484617e-07
6.602168468165124037e-07
6.641902694803934557e-07
6.682184650237506726e-07
6.722782312421006748e-07
6.763758335903887380e-07
6.805113795126969428e-07
6.846936398405142783e-07
6.889024177905882209e-07
6.931569491263755071e-07
6.974227129531128109e-07
7.017422746754219804e-07
7.060815182587134895e-07
7.104624655087832756e-07
7.148516128515455646e-07
7.192874344208990228e-07
7.237413617644453899e-07
7.282294563312451401e-07
7.327336526602651306e-07
7.372558415806000306e-07
7.417981473571888044e-07
7.463733247460465756e-07
7.509539053739992072e-07
7.555597793212988831e-07
7.601616401689614923e-07
7.647960658369847929e-07
7.694348604484361060e-07
7.740958342212810630e-07
7.787590768904486300e-07
7.834308887559818949e-07
7.881080949885951836e-07
7.928078083381861688e-07
7.975046512300811721e-07
8.022033628019706254e-07
8.069079532147857475e-07
8.116255276926525595e-07
8.163392010855614744e-07
8.210623221082802191e-07
8.257656054219688987e-07
8.304961091906999381e-07
8.352124827624741010e-07
8.399415671004723043e-07
8.446584478725288233e-07
8.493700826394417630e-07
8.540828578693216361e-07
8.587992639997339433e-07
8.635053204912755077e-07
8.682135638989259686e-07
8.728929132674752785e-07
8.775868194676419277e-07
8.822642782314625731e-07
8.869429120730981509e-07
8.915903339948003285e-07
8.962520256335949734e-07
9.008912959934677930e-07
9.055293535617048350e-07
9.101479292185144748e-07
9.147499725797240792e-07
9.193405395271635760e-07
9.239288746037948176e-07
9.284947598685214614e-07
9.330519805636090424e-07
9.375724120376048865e-07
9.420989101392814544e-07
9.466019549998674035e-07
9.510939999965035867e-07
9.555448966819214676e-07
9.599992561484460921e-07
9.644232321703235298e-07
9.688336433482763440e-07
9.732181163261349192e-07
9.775736119992166646e-07
9.819112799612847911e-07
9.862405522676197548e-07
9.905408492807072849e-07
9.948309674272071904e-07
9.990704512256704951e-07
1.003319345303693889e-06
1.007534846573717728e-06
1.011734115701774386e-06
1.015883156312505581e-06
1.020026563916828974e-06
1.024135989100046733e-06
1.028220642290301992e-06
1.032269577055664377e-06
1.036279213983050573e-06
1.040262687933584552e-06
1.044224362749860438e-06
1.048150410684323507e-06
1.052037789580670535e-06
1.055897944688265176e-06
1.059737698904186018e-06
1.063538562253157585e-06
1.067314450907032144e-06
1.071031018232003875e-06
1.074738781752614846e-06
1.078403771436281408e-06
1.082041486068170598e-06
1.085635421406101991e-06
1.089183701209658596e-06
1.092701753922555930e-06
1.096189870129275521e-06
1.099633610337017231e-06
1.103027703683160530e-06
1.106388142094769732e-06
1.109719940743306624e-06
1.113003786874389090e-06
1.116257364834105462e-06
1.119442542239436289e-06
1.122612145407320956e-06
1.125734463191990658e-06
1.128825891618024356e-06
1.131866474762860164e-06
1.134854209147214057e-06
1.137811287370519851e-06
1.140725641895127572e-06
1.143590544263015747e-06
1.146396396422926301e-06
1.149164686286249656e-06
1.151888889694098151e-06
1.154559079415377153e-06
1.157192096811698578e-06
1.159742500290258389e-06
1.162271915794142677e-06
1.164749916660040323e-06
1.167181986837933171e-06
1.169539866503106620e-06
1.171870880463889862e-06
1.174147016771500469e-06
1.176373648097907893e-06
1.178545568080168643e-06
1.180651870139467662e-06
1.182714184245248137e-06
1.184725832888908737e-06
1.186683543683371488e-06
1.188572058156434501e-06
1.190411230769570453e-06
1.192208431440344033e-06
1.193942078091086829e-06
1.195623939210001017e-06
1.197226186781342223e-06
1.198794044132643727e-06
1.200300381584236291e-06
1.201754991220057013e-06
1.203141827249531429e-06
1.204458549702249557e-06
1.205727570962939676e-06
1.206938716413557571e-06
1.208089373448319520e-06
1.209166170839152680e-06
1.210192289304567800e-06
1.211164415213994750e-06
1.212074506888673577e-06
1.212930794571197691e-06
1.213701678531678420e-06
1.214431597235651050e-06
1.215098904990263747e-06
1.215703910997713606e-06
1.216222956993537827e-06
1.216704571048011410e-06
1.217109207436954234e-06
1.217458190029579816e-06
1.217731386646298140e-06
1.217923775982451253e-06
1.218065316398217509e-06
1.218140057000541012e-06
1.218146526874347679e-06
1.218071192157168800e-06
1.217936999729619654e-06
1.217739418965867068e-06
1.217469602660951079e-06
1.217139479138392182e-06
1.216714924731648705e-06
1.216239007349219655e-06
1.215695940577806651e-06
1.215086030714324651e-06
1.214381260486970428e-06
1.213622490993214916e-06
1.212786635620617830e-06
1.211886289038381517e-06
1.210899349941149946e-06
1.209825711456424796e-06
1.208685612086938691e-06
1.207473365367452557e-06
1.206176292171768502e-06
1.204810174850469726e-06
1.203345260574830701e-06
1.201818810164708861e-06
1.200213722375993664e-06
1.198534469324256320e-06
1.196754361341070161e-06
1.194905505754730441e-06
1.192971086129754214e-06
1.190951809987822639e-06
1.188837881433208899e-06
1.186622513553864075e-06
1.184321990877167811e-06
1.181936386806200798e-06
1.179450793071005721e-06
1.176864227831882121e-06
1.174192570194294601e-06
1.171426357112920419e-06
1.168555503192412820e-06
1.165604975852025627e-06
1.162525184934449892e-06
1.159356797878425419e-06
1.156094442389322803e-06
1.152725818267295907e-06
1.149231916107996161e-06
1.145640449806063414e-06
1.141946558602308969e-06
1.138143923833852839e-06
1.134229387082073111e-06
1.130185460187013843e-06
1.126047173886992167e-06
1.121803248666087363e-06
1.117445276779831689e-06
1.112962991514094874e-06
1.108385043283314845e-06
1.103696920996091861e-06
1.098891196322242474e-06
1.093987600303489516e-06
1.088957804837592877e-06
1.083833080900493048e-06
1.078591945223544740e-06
1.073259130792183048e-06
1.067810911675608143e-06
1.062276055735583783e-06
1.056648615000568181e-06
1.050930566848434247e-06
1.045126151262098943e-06
1.039225116261757520e-06
1.033263257843655759e-06
1.027223458289417665e-06
1.021117160073010265e-06
1.014943827416855480e-06
1.008718796614859068e-06
1.002448576466388784e-06
9.961319175294958918e-07
9.897845974779908160e-07
9.834007180233222468e-07
9.770124119093150112e-07
9.706109937602072356e-07
9.642175197767988158e-07
9.578218623717522400e-07
9.514554212999228099e-07
9.451203497130583588e-07
9.388286095209472125e-07
9.325756988390280776e-07
9.263938188218415043e-07
9.202800217206851215e-07
9.142498733076233480e-07
9.083094167189309775e-07
9.024586678783398452e-07
8.967264629773324364e-07
8.911157415616179533e-07
8.856279065356928031e-07
8.802717315852099938e-07
8.750648057504948173e-07
8.700105749199568302e-07
8.651124907680573706e-07
8.603834113840436970e-07
8.558143054347612968e-07
8.514342293457079043e-07
8.472308321878430531e-07
8.432179457841002119e-07
8.393847802920827065e-07
8.357532694216354277e-07
8.323160418846992481e-07
8.290826516038960485e-07
8.260455097610397566e-07
8.232009858904634887e-07
8.205666548757489330e-07
8.181356591960128688e-07
8.159038811847179706e-07
8.138674091719801858e-07
8.120373348404815987e-07
8.104113827410277261e-07
8.089757999310845455e-07
8.077439867061302990e-07
8.066879285534387087e-07
8.058367439289797442e-07
8.051698528440447692e-07
8.046875668891021086e-07
8.043769778588715028e-07
8.042537876731696324e-07
8.042986859584010145e-07
8.045171431354589047e-07
8.048994006426906510e-07
8.054335343752484481e-07
8.061335124247663905e-07
8.069891035159731147e-07
8.079918045065923570e-07
8.091308392295782940e-07
8.104191007394773831e-07
8.118441721743911025e-07
8.134029664655337318e-07
8.150927460517898015e-07
8.168931620606513045e-07
8.188297049801261414e-07
8.208802293901636111e-07
8.230478483471037558e-07
8.253119801217694622e-07
8.276943457347563551e-07
8.301735373305479845e-07
8.327551366982457719e-07
8.354186211291276048e-07
8.381844055562897847e-07
8.410323365111787302e-07
8.439706172813176621e-07
8.469847722264104548e-07
8.500684653260983458e-07
8.532363062384221221e-07
8.564753746368550669e-07
8.597829878256075891e-07
8.631488274027293618e-07
8.665843897766139179e-07
8.700825268375915715e-07
8.736395139181947925e-07
8.772529503411263774e-07
8.809044185001288489e-07
8.846218261388611480e-07
8.883865017189076625e-07
8.921999009328258074e-07
8.960444649256337026e-07
8.999453997258583140e-07
9.038837073533801522e-07
9.078668660930000911e-07
9.118841456163230741e-07
9.159280490592737644e-07
9.200112030681629255e-07
9.241356128052572620e-07
9.282844566169752145e-07
9.324541600130734417e-07
9.366611580821082931e-07
9.408976292869395476e-07
9.451549831982471480e-07
9.494276793769858802e-07
9.537294871602421128e-07
9.580577382083156742e-07
9.624032035349476420e-07
9.667728533736608491e-07
9.711445694580024705e-07
9.755451925827981075e-07
9.799643675794524408e-07
9.843971733609301248e-07
9.888263653981327924e-07
9.932811248271952359e-07
9.977453783669618438e-07
1.002219988205924291e-06
1.006697344540680965e-06
1.011174864545998956e-06
1.015664853311450156e-06
1.020164121878695850e-06
1.024666283255115411e-06
1.029161495627975625e-06
1.033668095218571918e-06
1.038182044602391991e-06
1.042696704803974763e-06
1.047211168606954554e-06
1.051711936009033944e-06
1.056230150408530810e-06
1.060741593965114279e-06
1.065255792169288567e-06
1.069752118121629763e-06
1.074260675836393577e-06
1.078760082568587157e-06
1.083261057664885655e-06
1.087740345539074113e-06
1.092228676282040314e-06
1.096707245882548129e-06
1.101186132997807592e-06
1.105650340018625321e-06
1.110097216179739154e-06
1.114547272155407294e-06
1.118991737042632218e-06
1.123424206413594377e-06
1.127839169777372239e-06
1.132253597537984363e-06
1.136658019994958704e-06
1.141049189313765766e-06
1.145433820030772224e-06
1.149780906761809965e-06
1.154130081841354493e-06
1.158462344714993843e-06
1.162782464004639654e-06
1.167064532259159363e-06
1.171345703640968460e-06
1.175610162043768769e-06
1.179857182573484954e-06
1.184069463982011563e-06
1.188281999119276581e-06
1.192475146977304354e-06
1.196649095186484055e-06
1.200803126442611683e-06
1.204929955916401583e-06
1.209044692715969957e-06
1.213141644339051781e-06
1.217222753680664265e-06
1.221269045729845416e-06
1.225300230853668743e-06
1.229317765730727692e-06
1.233313058890718088e-06
1.237288441577685039e-06
1.241214291357388330e-06
1.245139085192492003e-06
1.249037602381774746e-06
1.252915413600893440e-06
1.256743553138032582e-06
1.260567945445039502e-06
1.264366257954602333e-06
1.268138141513125312e-06
1.271869148065144192e-06
1.275591085790771822e-06
1.279282105125974304e-06
1.282944978473673031e-06
1.286580212178453006e-06
1.290173914011250479e-06
1.293742864062784255e-06
1.297279854047795773e-06
1.300789911499775099e-06
1.304252612048201887e-06
1.307689080004721127e-06
1.311097501908050416e-06
1.314469431922184296e-06
1.317796302971847527e-06
1.321088804381897916e-06
1.324356245781600254e-06
1.327581016367710515e-06
1.330768041528754003e-06
1.333894823809902637e-06
1.337007830486995554e-06
1.340073964999602098e-06
1.343094530621969689e-06
1.346058360224713663e-06
1.348994158764428077e-06
1.351881031526247846e-06
1.354731155444731224e-06
1.357530485034823926e-06
1.360274215311280036e-06
1.362983985386399009e-06
1.365643452884518781e-06
1.368265658727453529e-06
1.370824503694028004e-06
1.373346653809354785e-06
1.375831269554894304e-06
1.378273257609964177e-06
1.380654471273204003e-06
1.382994211607898606e-06
1.385300803214675152e-06
1.387557481092817327e-06
1.389767059066252014e-06
1.391900919144603785e-06
1.394007187843305195e-06
1.396057114109708060e-06
1.398057941002457040e-06
1.399978986233163336e-06
1.401872405102054376e-06
1.403705231546052097e-06
1.405486262712425079e-06
1.407190189691415353e-06
1.408861831597030222e-06
1.410470477471344017e-06
1.412018139425455795e-06
1.413514699756695780e-06
1.414935213370665789e-06
1.416312568289836840e-06
1.417624896815997114e-06
1.418877858888668027e-06
1.420055147284842142e-06
1.421183064645076597e-06
1.422246434754277971e-06
1.423245526098884915e-06
1.424185225822635155e-06
1.425034189062642267e-06
1.425833966753176975e-06
1.426566304813303230e-06
1.427239261649032941e-06
1.427819590227483223e-06
1.428349157490843802e-06
1.428811530601522021e-06
1.429209790456196226e-06
1.429520428881547868e-06
1.429775865708042958e-06
1.429961121578177031e-06
1.430082420912816751e-06
1.430113080809924528e-06
1.430067507061150541e-06
1.429955022388468549e-06
1.429768151204514663e-06
1.429498727808397416e-06
1.429138326604168392e-06
1.428716680002000611e-06
1.428217896154754247e-06
1.427638194548677613e-06
1.426962862676680030e-06
1.426229193884810952e-06
1.425410055566144849e-06
1.424513498273023626e-06
1.423537373823620057e-06
1.422468628274972998e-06
1.421329576400700986e-06
1.420109814327111832e-06
1.418811490007822180e-06
1.417414046936051554e-06
1.415955469861945819e-06
1.414409976006419811e-06
1.412784417769584871e-06
1.411060083299524053e-06
1.409277808140995165e-06
1.407412984165787164e-06
1.405471903193250110e-06
1.403441893262413782e-06
1.401334562977443881e-06
1.399161102283539214e-06
1.396910615649472452e-06
1.394585311491260614e-06
1.392178853889657589e-06
1.389714284633264222e-06
1.387169795600851342e-06
1.384559479231933841e-06
1.381868313647426662e-06
1.379115818101607161e-06
1.376290065173534732e-06
1.373394243191192307e-06
1.370436454439016259e-06
1.367406110666349343e-06
1.364323346666108819e-06
1.361181671894158568e-06
1.357988937283128129e-06
1.354746077603847553e-06
1.351470514706418572e-06
1.348144910527642787e-06
1.344790070556565235e-06
1.341391550096831358e-06
1.337957213878562742e-06
1.334490480795020123e-06
1.330992004045132085e-06
1.327463399239178068e-06
1.323905635556881331e-06
1.320332279878296060e-06
1.316745709409430032e-06
1.313146956276324433e-06
1.309545375521345260e-06
1.305954519303433829e-06
1.302358150750295044e-06
1.298772570631939499e-06
1.295207803863269020e-06
1.291654877454781265e-06
1.288121062497953263e-06
1.284612367917015680e-06
1.281135272157242929e-06
1.277687446089950506e-06
1.274282171148924949e-06
1.270912597189246259e-06
1.267586835820793922e-06
1.264309172421250804e-06
1.261096742241516539e-06
1.257936843619306640e-06
1.254828889371623331e-06
1.251784799490114486e-06
1.248808300659931678e-06
1.245909048953213826e-06
1.243074686976730081e-06
1.240309981674492446e-06
1.237624182157714852e-06
1.235034077506211964e-06
1.232525593504792502e-06
1.230097641203733343e-06
1.227751780921387105e-06
1.225517364366083032e-06
1.223385774069555878e-06
1.221345158492496269e-06
1.219401192120452542e-06
1.217549523160826527e-06
1.215814466140528093e-06
1.214182535433556376e-06
1.212646251644466502e-06
1.211191396720583703e-06
1.209850153356382518e-06
1.208613340304846377e-06
1.207485542465638519e-06
1.206441547957348237e-06
1.205508437775409477e-06
1.204687646805233943e-06
1.203989266533907585e-06
1.203402695153544546e-06
1.202902416629764160e-06
1.202518628026440289e-06
1.202248322573458521e-06
1.202086898350866679e-06
1.202023130876859239e-06
1.202049058656332973e-06
1.202167660404782334e-06
1.202381937575821821e-06
1.202688348912424335e-06
1.203095551403947499e-06
1.203588986030121200e-06
1.204164338368411545e-06
1.204840630470290576e-06
1.205608758953091585e-06
1.206481256646992767e-06
1.207435711743047289e-06
1.208473538555731637e-06
1.209591033107476843e-06
1.210814703063831544e-06
1.212129726970882982e-06
1.213517130912972551e-06
1.214964551663317708e-06
1.216498535408273481e-06
1.218121026772343138e-06
1.219820382011433869e-06
1.221576217484245241e-06
1.223396669333580100e-06
1.225280369271185419e-06
1.227240175355055270e-06
1.229270153848747628e-06
1.231344224060836748e-06
1.233485245664721466e-06
1.235676129741903875e-06
1.237926590932027343e-06
1.240236547822239143e-06
1.242614001551890288e-06
1.245040273219857799e-06
1.247506838507426466e-06
1.250015536840129972e-06
1.252592672942211472e-06
1.255229749143872662e-06
1.257909816763289433e-06
1.260628751796185614e-06
1.263375609217102996e-06
1.266178576410858885e-06
1.269027929385831799e-06
1.271927578121529465e-06
1.274846034161892107e-06
1.277798232054188522e-06
1.280778925234911435e-06
1.283802256120783747e-06
1.286850750057507164e-06
1.289941486609289076e-06
1.293053095396880416e-06
1.296180252174196896e-06
1.299326444566696164e-06
1.302490984219322169e-06
1.305700614404199625e-06
1.308929643269406383e-06
1.312172284855314762e-06
1.315412900373176388e-06
1.318680621920678309e-06
1.321974025085573318e-06
1.325296480060209198e-06
1.328620463183326180e-06
1.331957926774484540e-06
1.335306232669979027e-06
1.338658623761124674e-06
1.342033797895028498e-06
1.345412726166947087e-06
1.348812459983554639e-06
1.352208278781460219e-06
1.355606905651489406e-06
1.358994549878879327e-06
1.362402051843461644e-06
1.365818475860051537e-06
1.369247856436432575e-06
1.372660849855829987e-06
1.376082779011610645e-06
1.379493773869070046e-06
1.382912323297256944e-06
1.386335498359605283e-06
1.389753961473441425e-06
1.393179112965520462e-06
1.396599084367800722e-06
1.400007163489594129e-06
1.403393267418142488e-06
1.406791001790956922e-06
1.410195901604170941e-06
1.413594871263949901e-06
1.416968593083759535e-06
1.420341619388309624e-06
1.423697988138170056e-06
1.427045584978784931e-06
1.430375720406996485e-06
1.433714044578652090e-06
1.437050226017813361e-06
1.440364576790084637e-06
1.443666302589344973e-06
1.446932594043365903e-06
1.450203499706882653e-06
1.453461963073399978e-06
1.456711099100277996e-06
1.459933623465807860e-06
1.463148005102386152e-06
1.466331637342454293e-06
1.469496510826094202e-06
1.472624330205794752e-06
1.475751669451066679e-06
1.478856565591949851e-06
1.481951380989187293e-06
1.485021385872018236e-06
1.488048418368809652e-06
1.491064994329433635e-06
1.494058975245203717e-06
1.497029938569204439e-06
1.499958716802372705e-06
1.502888678225823274e-06
1.505797454712604080e-06
1.508675551935078199e-06
1.511507264027470061e-06
1.514323205285426230e-06
1.517110502529283180e-06
1.519869380594941904e-06
1.522603843235058531e-06
1.525298330823220426e-06
1.527978396417836489e-06
1.530628598047226519e-06
1.533245553060164496e-06
1.535811306813336824e-06
1.538363856054442332e-06
1.540881621053780949e-06
1.543379329096797226e-06
1.545834936327887490e-06
1.548271335277568626e-06
1.550680732637660188e-06
1.553056777625937463e-06
1.555388265474335975e-06
1.557698430650612520e-06
1.559969725967283535e-06
1.562211339105696580e-06
1.564420170070510315e-06
1.566579343992605183e-06
