9.755964781529616981e-06
9.756611861593849334e-06
9.757213167327720812e-06
9.757767635630524975e-06
9.758128627610352022e-06
9.758542392737325530e-06
9.758894466246491569e-06
9.759155495985066822e-06
9.759316701206806707e-06
9.759416622453850892e-06
9.759520414558712299e-06
9.759579667986646584e-06
9.759611573279839425e-06
9.759502534128220024e-06
9.759410284162783357e-06
9.759243187193785625e-06
9.759044769042652507e-06
9.758766497932340573e-06
9.758434948988693028e-06
9.758133231667919953e-06
9.757677631913578865e-06
9.757184264513298611e-06
9.756681591358280472e-06
9.756120122333210485e-06
9.755508459722485545e-06
9.754831973747207590e-06
9.754152877394820463e-06
9.753433231854438161e-06
9.752676464558840140e-06
9.751860154789009341e-06
9.751013212129560010e-06
9.750158612627153834e-06
9.749279156927789249e-06
9.748306967501135060e-06
9.747339675296485959e-06
9.746350096131483869e-06
9.745321937541143894e-06
9.744293544915498949e-06
9.743183285795798025e-06
9.742105459746091899e-06
9.741021137615556960e-06
9.739919068038741429e-06
9.738753448942033143e-06
9.737610060173883391e-06
9.736445158901094172e-06
9.735266211964001555e-06
9.734065508334405572e-06
9.732860639052706272e-06
9.731656516721170369e-06
9.730419894720103790e-06
9.729157986194972388e-06
9.727920306663470992e-06
9.726683055263363322e-06
9.725467978558683435e-06
9.724201899166990225e-06
9.722969860372289886e-06
9.721763915523166832e-06
9.720560610430470396e-06
9.719391345900470466e-06
9.718144329633806320e-06
9.716995168782088959e-06
9.715835648122760421e-06
9.714730253560152076e-06
9.713570833946746536e-06
9.712469408251143323e-06
9.711422880181519037e-06
9.710389062212736294e-06
9.709333575972630014e-06
9.708357889015409336e-06
9.707401624299894953e-06
9.706486641688568624e-06
9.705592967029745560e-06
9.704777208357244763e-06
9.703988949546044245e-06
9.703233607204484926e-06
9.702526300787540708e-06
9.701885127309738100e-06
9.701322165918023220e-06
9.700783139501739411e-06
9.700284168511813163e-06
9.699868407990846795e-06
9.699504601788469209e-06
9.699209667600997668e-06
9.698973886819469803e-06
9.698749341003692364e-06
9.698652259552073765e-06
9.698599587069792202e-06
9.698615776469320877e-06
9.698676030334038952e-06
9.698849934010427270e-06
9.699092980233604456e-06
9.699424589467873034e-06
9.699802698128295967e-06
9.700290872548564830e-06
9.700865920377245381e-06
9.701529661692136151e-06
9.702234369133773281e-06
9.703062894947805069e-06
9.703999361729310911e-06
9.705031053695838551e-06
9.706112030204281407e-06
9.707333697471358537e-06
9.708661040210792644e-06
9.710094668313415885e-06
9.711583979856609416e-06
9.713221923089863030e-06
9.714947964825305568e-06
9.716807756480153808e-06
9.718745752374866037e-06
9.720753596150092521e-06
9.722881154068448460e-06
9.725127606869218272e-06
9.727472075288943335e-06
9.729877037041404912e-06
9.732427028266198298e-06
9.735083469598592508e-06
9.737833478712102151e-06
9.740670794460017147e-06
9.743628521234825267e-06
9.746722272533272149e-06
9.749895985522614850e-06
9.753141439187733763e-06
9.756536372984314867e-06
9.760009469586564476e-06
9.763607650148085508e-06
9.767258594890341743e-06
9.771048540211880659e-06
9.774938664983287372e-06
9.778925381001734026e-06
9.782990739389711967e-06
9.787195652400649100e-06
9.791504302436261690e-06
9.795909087339385056e-06
9.800418088586789465e-06
9.804967899854828039e-06
9.809662281077520605e-06
9.814464730376299016e-06
9.819340037311334181e-06
9.824263850681105178e-06
9.829313019798110827e-06
9.834453232514235607e-06
9.839677499726982764e-06
9.844960021504782830e-06
9.850339965640400502e-06
9.855818035734223437e-06
9.861403483032296700e-06
9.867014279356442006e-06
9.872750295337740363e-06
9.878549416502830155e-06
9.884451842232087434e-06
9.890384993016809666e-06
9.896432077047500781e-06
9.902549372361381955e-06
9.908762367501304028e-06
9.914973474058565617e-06
9.921323521721008286e-06
9.927727902786809367e-06
9.934188892984201089e-06
9.940737254093288185e-06
9.947281780889936871e-06
9.953942445703804992e-06
9.960647012036467991e-06
9.967410193279489195e-06
9.974181021046618807e-06
9.981068355632037047e-06
9.987997818706847560e-06
9.994971055276957486e-06
1.000194379593939220e-05
1.000902626895355179e-05
1.001613409736739973e-05
1.002330729367545574e-05
1.003041760571082406e-05
1.003763416247287762e-05
1.004486579374500874e-05
1.005211182862561853e-05
1.005932794214321158e-05
1.006660591718357202e-05
1.007392446039207759e-05
1.008125490895373099e-05
1.008858014238611534e-05
1.009589413330475565e-05
1.010326010707218216e-05
1.011062983602740961e-05
1.011801206551543520e-05
1.012535181222170809e-05
1.013273295832191223e-05
1.014010225029096177e-05
1.014749780453651058e-05
1.015482098784447465e-05
1.016216420438865264e-05
1.016951838368139066e-05
1.017686782608729002e-05
1.018415978728228026e-05
1.019150709690029107e-05
1.019881839441279653e-05
1.020611530991659717e-05
1.021334971398023261e-05
1.022064140610823100e-05
1.022788303772111401e-05
1.023510272136689029e-05
1.024225719879471355e-05
1.024942155209587133e-05
1.025655650736724900e-05
1.026364275113617245e-05
1.027069695383268256e-05
1.027768077380464520e-05
1.028466034314063691e-05
1.029162104070623061e-05
1.029853934550671422e-05
1.030533958109743562e-05
1.031218187083106025e-05
1.031897850836002730e-05
1.032571698254831245e-05
1.033233565904629884e-05
1.033900177407981370e-05
1.034558231996406878e-05
1.035211449313586526e-05
1.035851108107235003e-05
1.036494178039369923e-05
1.037129537371610301e-05
1.037758452776207369e-05
1.038374699536779410e-05
1.038986212684846558e-05
1.039595295622580299e-05
1.040196067446639324e-05
1.040785943670334370e-05
1.041371601013090744e-05
1.041950100034927421e-05
1.042525991396034532e-05
1.043091131217176717e-05
1.043642750672657065e-05
1.044192117341271465e-05
1.044736995143628133e-05
1.045269847221654001e-05
1.045792442685618826e-05
1.046305643090084702e-05
1.046812960132197745e-05
1.047310522524107695e-05
1.047796157356004605e-05
1.048273127350870921e-05
1.048743951719111673e-05
1.049205211732797258e-05
1.049649766880935164e-05
1.050090857908968513e-05
1.050523926948711579e-05
1.050947269622189381e-05
1.051355326377736956e-05
1.051760719163629987e-05
1.052154340846663119e-05
1.052538114196744391e-05
1.052904939110117261e-05
1.053269951758289823e-05
1.053626470301121111e-05
1.053971593978754876e-05
1.054311692208942898e-05
1.054632702966408806e-05
1.054950879056589030e-05
1.055259677046002054e-05
1.055562293658821396e-05
1.055848100610412801e-05
1.056126588352641066e-05
1.056399647211439424e-05
1.056665826445515675e-05
1.056911976811006672e-05
1.057152981535117200e-05
1.057384022267609989e-05
1.057607296098169129e-05
1.057816654368179045e-05
1.058016173245459627e-05
1.058209080905416933e-05
1.058393266665166154e-05
1.058559752450523974e-05
1.058722314526861240e-05
1.058876302778514531e-05
1.059022018863569803e-05
1.059150941691602675e-05
1.059278694656259623e-05
1.059395720574904416e-05
1.059503103310395933e-05
1.059591980813324032e-05
1.059679921917298249e-05
1.059758467957046058e-05
1.059831680204810172e-05
1.059891080766798902e-05
1.059940327947560078e-05
1.059983697787848701e-05
1.060020914916652732e-05
1.060048097113534410e-05
1.060061799008199027e-05
1.060072865028038014e-05
1.060077220066056898e-05
1.060069914615791920e-05
1.060048079243226312e-05
1.060024754915651408e-05
1.059991495628889624e-05
1.059953122780887305e-05
1.059898521279453110e-05
1.059844311971589389e-05
1.059777164468430399e-05
1.059706500875557272e-05
1.059625277273521430e-05
1.059535896670980920e-05
1.059448539895021144e-05
1.059346819443294725e-05
1.059237789664696618e-05
1.059126409633167769e-05
1.059005894737240131e-05
1.058882488438089654e-05
1.058755676885049133e-05
1.058614219090571211e-05
1.058470846134440672e-05
1.058324883328561799e-05
1.058175133528618303e-05
1.058012495951855288e-05
1.057848975207540934e-05
1.057683414995305119e-05
1.057512226593904652e-05
1.057331829867049873e-05
1.057154854057254750e-05
1.056972766691970412e-05
1.056788864987486971e-05
1.056596638431835242e-05
1.056401231797189968e-05
1.056207434332971166e-05
1.056009471142868580e-05
1.055803976492134421e-05
1.055598537735670254e-05
1.055390814325652507e-05
1.055178319310262889e-05
1.054959169758203575e-05
1.054743879233945790e-05
1.054525012294859451e-05
1.054302504201727831e-05
1.054077828971567536e-05
1.053848932070125031e-05
1.053625419923561387e-05
1.053396481474010342e-05
1.053168947133546732e-05
1.052934963871466880e-05
1.052704754772033626e-05
1.052475006822792570e-05
1.052240376234848304e-05
1.052004282112004011e-05
1.051773607268905505e-05
1.051540299352874539e-05
1.051305884000360832e-05
1.051068574281004404e-05
1.050836531266990862e-05
1.050608261424754953e-05
1.050376838647999706e-05
1.050140469457647647e-05
1.049912906203645435e-05
1.049684371551106526e-05
1.049461314542459475e-05
1.049229150460800279e-05
1.049005457572120347e-05
1.048781541534338070e-05
1.048560481897131760e-05
1.048338907121607062e-05
1.048114779844069374e-05
1.047898337820264460e-05
1.047684327217352958e-05
1.047473606368462445e-05
1.047262564784121370e-05
1.047056423148756627e-05
1.046848956470544087e-05
1.046652745600141808e-05
1.046451109495485107e-05
1.046255201785240939e-05
1.046065660631056547e-05
1.045876406025908641e-05
1.045688213454047095e-05
1.045504661429977911e-05
1.045328795464177110e-05
1.045154386557680826e-05
1.044979361170421483e-05
1.044815596972584881e-05
1.044653618893590051e-05
1.044496363293554720e-05
1.044334873767262347e-05
1.044186588558657683e-05
1.044043943064859866e-05
1.043906316568791170e-05
1.043771546683834749e-05
1.043635223043615111e-05
1.043513197947781331e-05
1.043396566755427850e-05
1.043280635333547327e-05
1.043165723152071433e-05
1.043064759305145459e-05
1.042967144076470560e-05
1.042870202453218437e-05
1.042780001998913426e-05
1.042695632652945450e-05
1.042617249636161571e-05
1.042543671646834310e-05
1.042473123828829818e-05
1.042411962259452490e-05
1.042354930621650517e-05
1.042306576701822498e-05
1.042262894240205956e-05
1.042224406128865992e-05
1.042197877752888219e-05
1.042171015321237782e-05
1.042150553884389094e-05
1.042139216887440507e-05
1.042133627493192909e-05
1.042138513282011989e-05
1.042142099184323092e-05
1.042159995817014895e-05
1.042182209740816983e-05
1.042215613076615891e-05
1.042252193882311222e-05
1.042294507206186792e-05
1.042348676868125726e-05
1.042408834715128098e-05
1.042477131942301710e-05
1.042548021840188282e-05
1.042631056960812829e-05
1.042720812355061188e-05
1.042819254273817969e-05
1.042922383327408248e-05
1.043032062225918060e-05
1.043156353538838808e-05
1.043284452324185345e-05
1.043419533704057320e-05
1.043566262722738763e-05
1.043720530169302992e-05
1.043880508180376822e-05
1.044050358246613229e-05
1.044230591051750622e-05
1.044416638613868780e-05
1.044614745948593108e-05
1.044814269441664539e-05
1.045028809294307815e-05
1.045251165487730973e-05
1.045483838255733915e-05
1.045723238997119705e-05
1.045972779508386740e-05
1.046231816785167142e-05
1.046500796889410497e-05
1.046777263330419675e-05
1.047065022941674376e-05
1.047363539820139125e-05
1.047665428946908821e-05
1.047983947059992405e-05
1.048300597535902298e-05
1.048633656029899282e-05
1.048980569533476514e-05
1.049330263329391079e-05
1.049689487846670550e-05
1.050059438629940715e-05
1.050443418950830786e-05
1.050833047229093405e-05
1.051229802063750425e-05
1.051638072607001699e-05
1.052053682728695462e-05
1.052482762927995007e-05
1.052919794520631984e-05
1.053364543432558474e-05
1.053817715310316246e-05
1.054286715613636655e-05
1.054757163123870123e-05
1.055237073592366339e-05
1.055727016488206231e-05
1.056228282819317226e-05
1.056739191636513360e-05
1.057250030008006391e-05
1.057774946915533838e-05
1.058310805325354474e-05
1.058851574507869124e-05
1.059398584717670349e-05
1.059957840370403666e-05
1.060527138843541548e-05
1.061102493109196284e-05
1.061682233416419104e-05
1.062274341969994484e-05
1.062874014288301968e-05
1.063477969096000600e-05
1.064090560208178849e-05
1.064709018781544557e-05
1.065335914026878467e-05
1.065969948202768126e-05
1.066606774751295832e-05
1.067251872877580855e-05
1.067900599490518863e-05
1.068560318326448522e-05
1.069218514803583945e-05
1.069889690429538575e-05
1.070568366852336587e-05
1.071246555192530007e-05
1.071935734445165880e-05
1.072625495842584199e-05
1.073321025623904872e-05
1.074025335581671742e-05
1.074733181543120785e-05
1.075440920042970259e-05
1.076157052080590718e-05
1.076878912702490380e-05
1.077605267753373855e-05
1.078332137212002687e-05
1.079067636458291039e-05
1.079808967525681777e-05
1.080553191876691049e-05
1.081295756142896222e-05
1.082049676302033663e-05
1.082805783497507708e-05
1.083563809545644475e-05
1.084321142202070142e-05
1.085086366695526244e-05
1.085852748825881861e-05
1.086622701968337189e-05
1.087390165354158963e-05
1.088162956367529523e-05
1.088937853173237902e-05
1.089715727539320006e-05
1.090496088952972730e-05
1.091271265864695074e-05
1.092051987335932946e-05
1.092836818429347748e-05
1.093621930415120400e-05
1.094401239939701402e-05
1.095185754499302104e-05
1.095971092199282213e-05
1.096757216752399086e-05
1.097538918005291088e-05
1.098323286063683952e-05
1.099106998653186117e-05
1.099890992879032776e-05
1.100668093498494991e-05
1.101449135818292476e-05
1.102229239531852076e-05
1.103007837311014718e-05
1.103778981543733711e-05
1.104556391039800503e-05
1.105330740893617077e-05
1.106103475666178338e-05
1.106870559794162650e-05
1.107639040496130772e-05
1.108408589835651509e-05
1.109172969544565270e-05
1.109931293242895409e-05
1.110689100610993567e-05
1.111444809079235655e-05
1.112197215248050758e-05
1.112946644069448416e-05
1.113683136744228228e-05
1.114424443543381332e-05
1.115160992913965033e-05
1.115893390178254246e-05
1.116617671044282240e-05
1.117340849717959242e-05
1.118062319077098188e-05
1.118780285144371919e-05
1.119487712925670318e-05
1.120196755852202632e-05
1.120899269745806932e-05
1.121598905003251393e-05
1.122288181674647812e-05
1.122976988076835591e-05
1.123662102046727137e-05
1.124341796377884578e-05
1.125011595993898859e-05
1.125683387539491102e-05
1.126350989774454666e-05
1.127013772465316991e-05
1.127665488453829472e-05
1.128317220305233127e-05
1.128965873137247003e-05
1.129607344926257669e-05
1.130237385851420937e-05
1.130867589880924793e-05
1.131491084509759866e-05
1.132108030931256569e-05
1.132719213177983283e-05
1.133316298021369724e-05
1.133915459250327588e-05
1.134506388922861313e-05
1.135092743418145925e-05
1.135665335086531829e-05
1.136237159582741760e-05
1.136803163456819354e-05
1.137361686704693762e-05
1.137908781781857454e-05
1.138454141688197592e-05
1.138990838332641475e-05
1.139522350022039446e-05
1.140042093383846411e-05
1.140559612440255879e-05
1.141069756717234753e-05
1.141570932461144108e-05
1.142063567445107299e-05
1.142555438954477089e-05
1.143037812822522790e-05
1.143514995406805460e-05
1.143979193716513417e-05
1.144443529190186422e-05
1.144899145618856766e-05
1.145349021145677339e-05
1.145790518047603227e-05
1.146217869115417357e-05
1.146645524706293222e-05
1.147063110718040976e-05
1.147476009622000993e-05
1.147874202541145322e-05
1.148271900212366203e-05
1.148663230282010654e-05
1.149046377898288267e-05
1.149416038372610456e-05
1.149786679726252876e-05
1.150148342456905275e-05
1.150505544139722691e-05
1.150851499663598091e-05
1.151192694694865400e-05
1.151527706730642902e-05
1.151858292298589788e-05
1.152176385456266103e-05
1.152491725986282038e-05
1.152803612820752410e-05
1.153104840579837042e-05
1.153395434996271511e-05
1.153687122238244261e-05
1.153969374453886033e-05
1.154246299379772201e-05
1.154513112759441273e-05
1.154775300908889855e-05
1.155036059254503158e-05
1.155288643603095259e-05
1.155533769796044980e-05
1.155771978982243088e-05
1.156008158352924003e-05
1.156237891404470809e-05
1.156462397879680362e-05
1.156674937213032671e-05
1.156884972885137744e-05
1.157088936792143856e-05
1.157285792126264196e-05
1.157473143435244851e-05
1.157655314848272082e-05
1.157834740680910025e-05
1.158006383176559843e-05
1.158167515744354286e-05
1.158328459824263762e-05
1.158482664112079198e-05
1.158632572063639835e-05
1.158773538744157582e-05
1.158910822780373349e-05
1.159043001881311210e-05
1.159168809193314953e-05
1.159287178620572179e-05
1.159401476887905807e-05
1.159510907852748072e-05
1.159615540362979964e-05
1.159712280247727238e-05
1.159808351464538584e-05
1.159896406492592932e-05
1.159983696339418015e-05
1.160064296370838005e-05
1.160136789059350391e-05
1.160208165448821115e-05
1.160274492896050849e-05
1.160337873774720757e-05
1.160391031433803467e-05
1.160442921047076661e-05
1.160491380295267187e-05
1.160534754052771821e-05
1.160568124606630961e-05
1.160603134345693554e-05
1.160631934908907223e-05
1.160658888082339255e-05
1.160676107847767919e-05
1.160691315124687511e-05
1.160706311007662728e-05
1.160716977153420012e-05
1.160718251085002625e-05
1.160724835031233987e-05
1.160721213691262760e-05
1.160720157985844283e-05
1.160707680033239598e-05
1.160693775148630960e-05
1.160680768165688231e-05
1.160662285893205778e-05
1.160639474704331818e-05
1.160618457510808013e-05
1.160590876849937819e-05
1.160562682859677941e-05
1.160530880707933221e-05
1.160495405763039956e-05
1.160460279685702731e-05
1.160419720616384670e-05
1.160378368766457145e-05
1.160331008256798417e-05
1.160285458124930869e-05
1.160235159084062770e-05
1.160184298790750073e-05
1.160129075198911278e-05
1.160071659083061659e-05
1.160013353186796386e-05
1.159956059924110601e-05
1.159893257925960432e-05
1.159832688357011817e-05
1.159772731342837359e-05
1.159707450493203709e-05
1.159640807472343550e-05
1.159575722639844478e-05
1.159512916789783013e-05
1.159447224679412730e-05
1.159375898813164221e-05
1.159311777690618900e-05
1.159246257345496347e-05
1.159177133468833382e-05
1.159111552339636182e-05
1.159046643790696089e-05
1.158977494312682522e-05
1.158911530396423929e-05
1.158851204916140474e-05
1.158782471876806949e-05
1.158720348648300184e-05
1.158661325049190734e-05
1.158604925996721144e-05
1.158548573184148773e-05
1.158493277658956640e-05
1.158442798930254343e-05
1.158391363651109553e-05
1.158341026703926845e-05
1.158296366474901367e-05
1.158254576030889390e-05
1.158214653360186409e-05
1.158174344339318819e-05
1.158139427932201216e-05
1.158106433784117283e-05
1.158078568580091518e-05
1.158050415372680303e-05
1.158028057801103638e-05
1.158014555519402610e-05
1.157999755863316128e-05
1.157987221765454576e-05
1.157984463294480658e-05
1.157987438685380066e-05
1.157992971666408366e-05
1.158004318286112867e-05
1.158015706893782663e-05
1.158033179760423428e-05
1.158061307742845344e-05
1.158094238300456938e-05
1.158127279688011167e-05
1.158173933695143397e-05
1.158223606975847662e-05
1.158279428336790198e-05
1.158339709548279361e-05
1.158414183434879515e-05
1.158489064085122890e-05
1.158572244328821152e-05
1.158661353863760314e-05
1.158755618011192068e-05
1.158860912061038077e-05
1.158968393978289609e-05
1.159084068136962541e-05
1.159209074576853008e-05
1.159341470356439024e-05
1.159482398054367539e-05
1.159624748273317828e-05
1.159778574822649462e-05
1.159942509929492412e-05
1.160115161406874013e-05
1.160289812248436062e-05
1.160471998835144934e-05
1.160666811681943931e-05
1.160868767273906302e-05
1.161077608597865704e-05
1.161289270193691999e-05
1.161511649343593184e-05
1.161743973620754094e-05
1.161986464857378350e-05
1.162230821944408576e-05
1.162486367278700606e-05
1.162750079309475829e-05
1.163020892581336691e-05
1.163298824391848617e-05
1.163584296676986470e-05
1.163879712453738015e-05
1.164182296155553655e-05
1.164487104808497614e-05
1.164807158780459731e-05
1.165127701399079910e-05
1.165460939160645024e-05
1.165792073704432858e-05
1.166138437267272237e-05
1.166489940271456383e-05
1.166851419840649387e-05
1.167210408719567956e-05
1.167583374665485843e-05
1.167963908318847537e-05
1.168349364537729956e-05
1.168740455204080634e-05
1.169135090296499031e-05
1.169543093429710745e-05
1.169954462403150248e-05
1.170373971529390395e-05
1.170791880462167325e-05
1.171221022325995842e-05
1.171658961812880916e-05
1.172099489218989694e-05
1.172544313337910408e-05
1.172995379056429230e-05
1.173451024409801394e-05
1.173913984360673878e-05
1.174379232296658233e-05
1.174853218084479053e-05
1.175333219745077356e-05
1.175817997682457951e-05
1.176302330071468754e-05
1.176797121247471029e-05
1.177296876866617868e-05
1.177798837082503941e-05
1.178300484337152515e-05
1.178811469100938670e-05
1.179326109099607465e-05
1.179841154060700532e-05
1.180355843472482530e-05
1.180878555274594086e-05
1.181401423027282766e-05
1.181930851899927468e-05
1.182454979698353298e-05
1.182984606544985870e-05
1.183521761589162991e-05
1.184055116018756152e-05
1.184590077449184917e-05
1.185130545785964117e-05
1.185667622500772490e-05
1.186207961960600567e-05
1.186750593667919233e-05
1.187289102071608790e-05
1.187830783300294279e-05
1.188373964585093095e-05
1.188917084212746525e-05
1.189456016183761332e-05
1.190000195098839689e-05
1.190543818887485757e-05
1.191090892716174735e-05
1.191628583360349436e-05
1.192170499978230582e-05
1.192711124825995256e-05
1.193250868519598792e-05
1.193784677178064993e-05
1.194321967252252664e-05
1.194853411632764306e-05
1.195385753463664047e-05
1.195908632451579852e-05
1.196433626230764871e-05
1.196958784568773949e-05
1.197482298377685133e-05
1.197993856199299522e-05
1.198510231336619188e-05
1.199024448112023621e-05
1.199535024589416630e-05
1.200036660450688220e-05
1.200539612938213564e-05
1.201040642783117728e-05
1.201537031053195814e-05
1.202028700394370768e-05
1.202514171507637282e-05
1.202997977483280843e-05
1.203478219361528182e-05
1.203955187703749023e-05
1.204424925152765140e-05
1.204896843548898124e-05
1.205361395233949662e-05
1.205823144009997163e-05
1.206275053906953228e-05
1.206728457401928844e-05
1.207174901547390520e-05
1.207614421702989865e-05
1.208044943113236822e-05
1.208475373248284371e-05
1.208899749117084242e-05
1.209319521580985562e-05
1.209726356303093053e-05
1.210132181863480866e-05
1.210534306193042439e-05
1.210927124576005709e-05
1.211313078491102034e-05
1.211695238410677470e-05
1.212072764496157527e-05
1.212441246137858869e-05
1.212800274157805706e-05
1.213159188561225164e-05
1.213508696629651618e-05
1.213851936701027320e-05
1.214188462414850677e-05
1.214517425507539068e-05
1.214839937742525647e-05
1.215155169460858062e-05
1.215464226389300498e-05
1.215760131295921734e-05
1.216056915832334997e-05
1.216343259562533568e-05
1.216623205956265182e-05
1.216893850904291355e-05
1.217155962526963688e-05
1.217421364082387907e-05
1.217673681208890113e-05
1.217914898445145227e-05
1.218154649210993964e-05
1.218385234379153446e-05
1.218614978287137291e-05
1.218830361230120303e-05
1.219040341828222090e-05
1.219243386732475547e-05
1.219443294573594379e-05
1.219627629224426269e-05
1.219811600290455873e-05
1.219985902121158139e-05
1.220152085871028037e-05
1.220310881568090734e-05
1.220470572466134577e-05
1.220620036455362091e-05
1.220762828858346756e-05
1.220897188568812268e-05
1.221022330972573207e-05
1.221148642419280564e-05
1.221268899842996757e-05
1.221379598310480868e-05
1.221478139382542268e-05
1.221579508177930869e-05
1.221676078473314568e-05
1.221762322112370491e-05
1.221840640216725673e-05
1.221920609525304392e-05
1.221990555430228416e-05
1.222063456556688640e-05
1.222121003809338726e-05
1.222175907763091516e-05
1.222226157650686644e-05
1.222274158311322846e-05
1.222312802736769535e-05
1.222344103906664968e-05
1.222374922531593112e-05
1.222402391585578514e-05
1.222413995378143530e-05
1.222435284268424088e-05
1.222444110624854492e-05
1.222444099624055933e-05
1.222441571444194902e-05
1.222441826334661444e-05
1.222433357079591410e-05
1.222422416451113164e-05
1.222400829366987568e-05
1.222376187433184310e-05
1.222355778678564860e-05
1.222324161430166199e-05
1.222293002287079747e-05
1.222254286004820159e-05
1.222212031539621866e-05
1.222174339233828133e-05
1.222126716104648684e-05
1.222072342871183422e-05
1.222023626752882624e-05
1.221969863632773717e-05
1.221917405020925053e-05
1.221855169417315778e-05
1.221789267034021950e-05
1.221729121212277721e-05
1.221661256787079012e-05
1.221594033458226505e-05
1.221525214520688537e-05
1.221448533825253152e-05
1.221375878213432465e-05
1.221298664109426199e-05
1.221218782290586004e-05
1.221143788175265079e-05
1.221064958092653916e-05
1.220981039202211685e-05
1.220896539690880935e-05
1.220814808507361298e-05
1.220727716951383695e-05
1.220641428692098493e-05
1.220558387778897174e-05
1.220476238113136828e-05
1.220392233298259238e-05
1.220304825986684815e-05
1.220211299189358316e-05
1.220126245451862550e-05
1.220041380972198263e-05
1.219958710643004082e-05
1.219866886471837321e-05
1.219780494369578268e-05
1.219692490443928969e-05
1.219606933652990015e-05
1.219518731936017026e-05
1.219440628420514377e-05
1.219352967816139842e-05
1.219273402580603002e-05
1.219188410442761785e-05
1.219103434820286303e-05
1.219028992682098846e-05
1.218946696560657835e-05
1.218866681722564882e-05
1.218787372217343337e-05
1.218712330454456215e-05
