1.320682570241641556e-06
1.321437200859436488e-06
1.322217398802988109e-06
1.323026030979427222e-06
1.323855153510127489e-06
1.324708703963398666e-06
1.325591131733086025e-06
1.326495453436202747e-06
1.327418145710144858e-06
1.328367720123084757e-06
1.329337612040961862e-06
1.330333749626515883e-06
1.331342305514626625e-06
1.332377337478402301e-06
1.333432298381018363e-06
1.334509297690598079e-06
1.335599358357663655e-06
1.336711543509768458e-06
1.337845940698612362e-06
1.338997027014507479e-06
1.340162611346778570e-06
1.341345743558106191e-06
1.342547962106010812e-06
1.343767277252149788e-06
1.344995972330391170e-06
1.346239058763359579e-06
1.347500199180088307e-06
1.348774150920673296e-06
1.350055946088571554e-06
1.351354835155260984e-06
1.352663493003044880e-06
1.353989109465295170e-06
1.355323112352132721e-06
1.356662775452670111e-06
1.358013504381219699e-06
1.359380780351062980e-06
1.360748886945431747e-06
1.362125677183041620e-06
1.363509316829664608e-06
1.364906272532087185e-06
1.366304746363640359e-06
1.367705307709555191e-06
1.369115835196514078e-06
1.370532476693720314e-06
1.371951751790767671e-06
1.373371607305297860e-06
1.374796729015587360e-06
1.376227881997896369e-06
1.377656478422148990e-06
1.379084038811488449e-06
1.380517870924513148e-06
1.381949664043958901e-06
1.383383244680857741e-06
1.384807064021083141e-06
1.386237549879187489e-06
1.387663074828397329e-06
1.389085461554908918e-06
1.390500585415797643e-06
1.391914343705007974e-06
1.393322613585063697e-06
1.394729420480911383e-06
1.396121389952745458e-06
1.397515790132208355e-06
1.398899560350379366e-06
1.400276870482192899e-06
1.401644664711595847e-06
1.403007146047535103e-06
1.404359752855727063e-06
1.405702167584376785e-06
1.407035715254675595e-06
1.408352477340985203e-06
1.409662715649392619e-06
1.410960592489184933e-06
1.412250402069167108e-06
1.413519213752228386e-06
1.414779426589671835e-06
1.416026054008584614e-06
1.417255852411388564e-06
1.418472233742437530e-06
1.419669766073266819e-06
1.420856008907299451e-06
1.422027417614506875e-06
1.423179061081757471e-06
1.424313548207368786e-06
1.425433716479200691e-06
1.426533054018277347e-06
1.427609640976184006e-06
1.428670503343909583e-06
1.429710454226471478e-06
1.430731008346488731e-06
1.431725094751344020e-06
1.432702462963703366e-06
1.433656133699035687e-06
1.434586381846253079e-06
1.435490730978374405e-06
1.436379186777863403e-06
1.437240136342320624e-06
1.438079930710003221e-06
1.438886724629237923e-06
1.439674301376121603e-06
1.440440318261254754e-06
1.441175247663963460e-06
1.441882215454991880e-06
1.442567575637088179e-06
1.443221280562491829e-06
1.443853747019768785e-06
1.444450369852950064e-06
1.445030046403486975e-06
1.445572604427281869e-06
1.446091838155002421e-06
1.446583868602621355e-06
1.447040795418926764e-06
1.447472498123456415e-06
1.447873908285290169e-06
1.448249516148805907e-06
1.448585116442163263e-06
1.448895551985546834e-06
1.449176379113752506e-06
1.449427589601770817e-06
1.449638953833957528e-06
1.449825192784051795e-06
1.449983892482016487e-06
1.450106791879088551e-06
1.450191313490128669e-06
1.450258753149684586e-06
1.450285105477036862e-06
1.450283845196246587e-06
1.450245041686199936e-06
1.450182222285130765e-06
1.450080893131520853e-06
1.449951361884175922e-06
1.449785611874818885e-06
1.449589318659706595e-06
1.449368593564657513e-06
1.449108235675702257e-06
1.448811713159213853e-06
1.448492138912993992e-06
1.448141599152892173e-06
1.447758161560766610e-06
1.447333752316487649e-06
1.446886692178052121e-06
1.446408480867358652e-06
1.445898526973065253e-06
1.445353003178121337e-06
1.444778996084973242e-06
1.444174189012054281e-06
1.443544568518588849e-06
1.442874454556174392e-06
1.442176174397476886e-06
1.441453358665561523e-06
1.440699800272976424e-06
1.439910133406630435e-06
1.439098108302413243e-06
1.438253410767162862e-06
1.437384711107298442e-06
1.436485469994015659e-06
1.435553414422609788e-06
1.434600011278893785e-06
1.433617012905369598e-06
1.432605267148633740e-06
1.431570885541529903e-06
1.430505245300440653e-06
1.429422083783754911e-06
1.428309216224896483e-06
1.427170347953283253e-06
1.426006037286390488e-06
1.424823735484720023e-06
1.423613850358971786e-06
1.422383409842973317e-06
1.421132519986693592e-06
1.419854069491343790e-06
1.418559100259265492e-06
1.417236231670696348e-06
1.415901474621927291e-06
1.414544744999906370e-06
1.413164661377513164e-06
1.411765363017171273e-06
1.410348292202428722e-06
1.408919689620448593e-06
1.407470844283956553e-06
1.406001147084368077e-06
1.404519727839853862e-06
1.403023534908568390e-06
1.401511537231490794e-06
1.399986657380775960e-06
1.398450371255908878e-06
1.396897940710387753e-06
1.395338157227634001e-06
1.393758694442775867e-06
1.392172779559345645e-06
1.390578568951677775e-06
1.388976861244947935e-06
1.387363223821366732e-06
1.385738614973651053e-06
1.384108944299194965e-06
1.382468381281787395e-06
1.380827060461498370e-06
1.379178671610251123e-06
1.377525837577538576e-06
1.375869026271435214e-06
1.374206112939545727e-06
1.372541575595113837e-06
1.370879038978260012e-06
1.369211389739222037e-06
1.367543656186310405e-06
1.365871681658785166e-06
1.364200883300761203e-06
1.362533268211014603e-06
1.360866187276067329e-06
1.359196244311244138e-06
1.357532103637964688e-06
1.355872531166431175e-06
1.354212812021913785e-06
1.352560736722759085e-06
1.350908890059374166e-06
1.349263376759127726e-06
1.347627854366345404e-06
1.345998790860308244e-06
1.344373976823159784e-06
1.342755245912977265e-06
1.341148114396059480e-06
1.339548074545804687e-06
1.337955392878102233e-06
1.336374119577497595e-06
1.334800107966673789e-06
1.333242900898905646e-06
1.331692453348790737e-06
1.330154505519234181e-06
1.328629861498728637e-06
1.327119626367898181e-06
1.325621941058736369e-06
1.324139033050033373e-06
1.322667719487970131e-06
1.321214613589243884e-06
1.319775239555929446e-06
1.318347927053584198e-06
1.316943666063549120e-06
1.315551443261094191e-06
1.314173065734802851e-06
1.312816961170644065e-06
1.311478116194285519e-06
1.310156503013178397e-06
1.308849532872293343e-06
1.307569322320203525e-06
1.306302956674590612e-06
1.305057446748678248e-06
1.303832327852925934e-06
1.302623166317230141e-06
1.301441955630525592e-06
1.300279959252019940e-06
1.299130794232328520e-06
1.298013451644806887e-06
1.296916018908092485e-06
1.295833483508751241e-06
1.294778676384945789e-06
1.293749798336027085e-06
1.292737785397485542e-06
1.291756091792503218e-06
1.290792187288715970e-06
1.289847529013170577e-06
1.288937807909476519e-06
1.288042543522352141e-06
1.287165104087066707e-06
1.286327957809570326e-06
1.285502829995549172e-06
1.284702955832930889e-06
1.283930989696430672e-06
1.283179347148433624e-06
1.282452226219059582e-06
1.281759932826461140e-06
1.281081328464213370e-06
1.280428381393620222e-06
1.279807103019076078e-06
1.279203327668791452e-06
1.278621669444796552e-06
1.278081227517208983e-06
1.277552800697543643e-06
1.277049775496468928e-06
1.276578183157738856e-06
1.276123776106364052e-06
1.275699349180391961e-06
1.275306205624720522e-06
1.274929143534566315e-06
1.274575915223543033e-06
1.274262362428929936e-06
1.273963217815255319e-06
1.273690187304015221e-06
1.273447659747317624e-06
1.273225977366132789e-06
1.273026302095652721e-06
1.272861227168550644e-06
1.272713504487564206e-06
1.272599942149989737e-06
1.272504123523309574e-06
1.272433722641977939e-06
1.272392074394866570e-06
1.272371414146727228e-06
1.272373514258563100e-06
1.272407579100528361e-06
1.272464309161965525e-06
1.272539657252251347e-06
1.272643601037527139e-06
1.272771438910704900e-06
1.272924051111765597e-06
1.273105609966388627e-06
1.273306051231606952e-06
1.273529376384476522e-06
1.273779252122630361e-06
1.274053904548235170e-06
1.274344976006100873e-06
1.274667013726777703e-06
1.275008496408534979e-06
1.275376315842860095e-06
1.275763401154221868e-06
1.276174026948816203e-06
1.276607271863258070e-06
1.277067653589635619e-06
1.277537922652366958e-06
1.278036618300262528e-06
1.278565808991336637e-06
1.279099594357432838e-06
1.279659372176890347e-06
1.280249193094674649e-06
1.280849815499776387e-06
1.281470472363881507e-06
1.282113426307362605e-06
1.282774089432704612e-06
1.283454288040554308e-06
1.284156026742264993e-06
1.284871567455809456e-06
1.285607096019943744e-06
1.286369618958632279e-06
1.287144177850153398e-06
1.287928863802297508e-06
1.288741938642482458e-06
1.289569295733721548e-06
1.290408865281213494e-06
1.291272626064490592e-06
1.292152015225851373e-06
1.293052235187728133e-06
1.293961925842705743e-06
1.294887857847118900e-06
1.295832566977712682e-06
1.296796557981584259e-06
1.297768558088551117e-06
1.298755033604035499e-06
1.299767953837110099e-06
1.300788185112513210e-06
1.301816624138320191e-06
1.302869610133204329e-06
1.303930564339524724e-06
1.305010590405709810e-06
1.306090549220865109e-06
1.307189418277692235e-06
1.308302400346854334e-06
1.309420400490139642e-06
1.310546594252768209e-06
1.311692044090625979e-06
1.312845712028585843e-06
1.314002868116723114e-06
1.315172412330477744e-06
1.316358250699689628e-06
1.317544608375486441e-06
1.318746771084737506e-06
1.319949126643905940e-06
1.321161417408787694e-06
1.322383102237163868e-06
1.323611730267583750e-06
1.324834536372143213e-06
1.326074515959115399e-06
1.327313961247014409e-06
1.328562929614385783e-06
1.329813678836156431e-06
1.331068876805492565e-06
1.332332185330746995e-06
1.333603075721736301e-06
1.334864121508316856e-06
1.336133755903226757e-06
1.337415615552898741e-06
1.338686824003163719e-06
1.339962095020536862e-06
1.341232316740109739e-06
1.342509952384437715e-06
1.343783465786229537e-06
1.345052048685750418e-06
1.346321496411507216e-06
1.347586523603720773e-06
1.348849151000683981e-06
1.350110232371788865e-06
1.351367678289813121e-06
1.352622107220560621e-06
1.353865802067674019e-06
1.355110864599119506e-06
1.356346352072728625e-06
1.357579092046379182e-06
1.358800430059033209e-06
1.360016901902312971e-06
1.361226254480352739e-06
1.362430487326414758e-06
1.363620013637862844e-06
1.364804514610236742e-06
1.365979447630563737e-06
1.367140183884491259e-06
1.368288728321972546e-06
1.369428325869024371e-06
1.370558131217210914e-06
1.371671151561934779e-06
1.372770603686745508e-06
1.373857936816216590e-06
1.374931733653485684e-06
1.375986811148569103e-06
1.377026292748787699e-06
1.378050757930322731e-06
1.379061371619675129e-06
1.380049490519065472e-06
1.381020239484381331e-06
1.381973073640268297e-06
1.382908632837908603e-06
1.383819857947972299e-06
1.384712402126989450e-06
1.385583448094867912e-06
1.386436352361453438e-06
1.387264731475294862e-06
1.388064556211208366e-06
1.388845508675595235e-06
1.389603755000428564e-06
1.390334189429129428e-06
1.391035866705360314e-06
1.391717404244649350e-06
1.392373087690553664e-06
1.392996555242519022e-06
1.393594348870770963e-06
1.394165592403755030e-06
1.394708372715913991e-06
1.395217877240896115e-06
1.395702628643176722e-06
1.396152271292693344e-06
1.396574911580383420e-06
1.396962306077223131e-06
1.397317939326850436e-06
1.397643401388372404e-06
1.397935564086431068e-06
1.398190725206652678e-06
1.398415392185788165e-06
1.398604564280194558e-06
1.398760012886817082e-06
1.398878576200865670e-06
1.398960940951569356e-06
1.399009854717569710e-06
1.399020823761994768e-06
1.398995804169866627e-06
1.398931468163374946e-06
1.398831200459337442e-06
1.398695323152663209e-06
1.398516872007798461e-06
1.398300485226165189e-06
1.398048734242649702e-06
1.397755450930099512e-06
1.397421755178412021e-06
1.397044461790617539e-06
1.396633688516644058e-06
1.396178957671277291e-06
1.395685008226571013e-06
1.395148828545407353e-06
1.394573241207498274e-06
1.393958060297456822e-06
1.393300636311820403e-06
1.392601904854760575e-06
1.391864585567511578e-06
1.391086437931372379e-06
1.390263986903700791e-06
1.389399198881102984e-06
1.388496441414391844e-06
1.387551930237143146e-06
1.386564939446878667e-06
1.385532779222359822e-06
1.384462691321806999e-06
1.383353408452677208e-06
1.382198022729961242e-06
1.381002569906168440e-06
1.379767583575384975e-06
1.378492589153879548e-06
1.377174250300027012e-06
1.375815483203069763e-06
1.374419863429478819e-06
1.372981022744514225e-06
1.371505302139559989e-06
1.369989718809829550e-06
1.368433869711928265e-06
1.366839253231943845e-06
1.365207751371206605e-06
1.363538563043825453e-06
1.361827505977050772e-06
1.360079054981524147e-06
1.358294334989487339e-06
1.356475136863379061e-06
1.354611453771011801e-06
1.352718015166561834e-06
1.350789547500677508e-06
1.348822748852540613e-06
