1.440818438270264163e-05
1.440884845006141010e-05
1.440967317592717250e-05
1.441034461512629226e-05
1.441087746085557139e-05
1.441160798572533789e-05
1.441205304576781787e-05
1.441243346954009662e-05
1.441297068740177057e-05
1.441320575335403386e-05
1.441359635767884330e-05
1.441388477396188035e-05
1.441393687134316671e-05
1.441421179234994530e-05
1.441431824243482531e-05
1.441428226167949335e-05
1.441444619060722062e-05
1.441432516661766598e-05
1.441420118640077857e-05
1.441421614970713277e-05
1.441393148990766563e-05
1.441378330038315953e-05
1.441360709820821475e-05
1.441310639072455601e-05
1.441288242323437400e-05
1.441254057167681783e-05
1.441202340251236368e-05
1.441173123658892065e-05
1.441111368860168273e-05
1.441054229842466108e-05
1.441016653655224119e-05
1.440946788902513035e-05
1.440887009428155836e-05
1.440834247614465724e-05
1.440747992083446353e-05
1.440688048870472678e-05
1.440623251914960734e-05
1.440535655198625108e-05
1.440472055593793784e-05
1.440387863636413128e-05
1.440296403582643319e-05
1.440230544762767440e-05
1.440138758088500388e-05
1.440052795147132458e-05
1.439976379603421942e-05
1.439873497999638924e-05
1.439790556936618252e-05
1.439711586268020803e-05
1.439604000834685594e-05
1.439521233262640807e-05
1.439423300074314482e-05
1.439319332885528902e-05
1.439238722799598960e-05
1.439136850078990021e-05
1.439037056883441159e-05
1.438949969078789351e-05
1.438836565639811999e-05
1.438745748609849473e-05
1.438657770253289494e-05
1.438548684082216434e-05
1.438459232034709248e-05
1.438359396395766989e-05
1.438252641953519963e-05
1.438173028611953906e-05
1.438072793994640011e-05
1.437968436645236894e-05
1.437885481941604924e-05
1.437779109386433232e-05
1.437693593760673962e-05
1.437613360344956815e-05
1.437510620798829516e-05
1.437427127343078152e-05
1.437346521083322918e-05
1.437243645499777953e-05
1.437176674617065305e-05
1.437096597452657217e-05
1.437003393682203269e-05
1.436936948521116888e-05
1.436848620188300302e-05
1.436772534101671790e-05
1.436717463317390184e-05
1.436628777727919055e-05
1.436558065198927133e-05
1.436502665581860178e-05
1.436423267373713454e-05
1.436369841045223106e-05
1.436313445543342667e-05
1.436239790497387860e-05
1.436199020929626612e-05
1.436138703400365031e-05
1.436082489393903024e-05
1.436052212719706676e-05
1.435998436080501139e-05
1.435945632234283835e-05
1.435918425844968890e-05
1.435867882588680200e-05
1.435841069777584722e-05
1.435814267509891706e-05
1.435767464452656704e-05
1.435751770272096672e-05
1.435729411356744419e-05
1.435699456640996470e-05
1.435695527490596791e-05
1.435672029429908081e-05
1.435652058752931336e-05
1.435658785963707551e-05
1.435641665233138993e-05
1.435641359744290969e-05
1.435652451382151013e-05
1.435638676144257221e-05
1.435650565428379253e-05
1.435662945410461557e-05
1.435660644423681430e-05
1.435688627924798204e-05
1.435692844491528006e-05
1.435700426130575013e-05
1.435736675172632752e-05
1.435746409820482630e-05
1.435770294798632876e-05
1.435809874607414176e-05
1.435819917231886638e-05
1.435857789590616094e-05
1.435899169735094939e-05
1.435917317687687031e-05
1.435972967183790583e-05
1.436009491187143747e-05
1.436040372037935696e-05
1.436106192752480815e-05
1.436143616692300201e-05
1.436190740086060351e-05
1.436258852418180865e-05
1.436298032448707671e-05
1.436366566570972433e-05
1.436443542635978702e-05
1.436487713484731221e-05
1.436565909913689018e-05
1.436642373704320315e-05
1.436697351002412232e-05
1.436793018579745169e-05
1.436867143829171572e-05
1.436927761086598922e-05
1.437029085028858066e-05
1.437099498957443536e-05
1.437176836310998966e-05
1.437281017367052421e-05
1.437352872077728286e-05
1.437442893704705290e-05
1.437540071931901993e-05
1.437620414034788647e-05
1.437723351385688996e-05
1.437826103726230160e-05
1.437905135513184654e-05
1.438014313613706217e-05
1.438115444431304471e-05
1.438213526546672048e-05
1.438326493773726867e-05
1.438427910813978976e-05
1.438531710448446594e-05
1.438650033463360518e-05
1.438746612318852913e-05
1.438868770316399400e-05
1.438986562874528937e-05
1.439090227949429460e-05
1.439211999834511483e-05
1.439328291295557573e-05
1.439441048988380352e-05
1.439574780747749319e-05
1.439679333172620328e-05
1.439793557700087035e-05
1.439929053362570218e-05
1.440041968927568886e-05
1.440163551924081071e-05
1.440296852509407239e-05
1.440402940199806474e-05
1.440536827597737986e-05
1.440666903814308185e-05
1.440778723806324542e-05
1.440923443735612179e-05
1.441050170229485382e-05
1.441164673246571218e-05
1.441313245049928938e-05
1.441443170144895808e-05
1.441564727881624951e-05
1.441718967251373609e-05
1.441842025260528982e-05
1.441974298680984995e-05
1.442124434286154454e-05
1.442253748606081973e-05
1.442391891103634933e-05
1.442541715892922116e-05
1.442670708681711400e-05
1.442822950934201198e-05
1.442970732846264728e-05
1.443102976978704128e-05
1.443255091162994604e-05
1.443401751697930626e-05
1.443539425359745057e-05
1.443696321477268948e-05
1.443839457682920410e-05
1.443987052632934466e-05
1.444144804168180352e-05
1.444286960046901916e-05
1.444442324109975429e-05
1.444599873719329908e-05
1.444742584423487894e-05
1.444901905454444307e-05
1.445053999715492413e-05
1.445207494396284981e-05
1.445371481666309271e-05
1.445525710914843793e-05
1.445680104809031214e-05
1.445843669415847462e-05
1.445989939950485903e-05
1.446153549704311722e-05
1.446321072813417322e-05
1.446468015879877493e-05
1.446632531174054810e-05
1.446796823349773739e-05
1.446947315474245735e-05
1.447121393875404058e-05
1.447281786475978109e-05
1.447432326728062061e-05
1.447608929776510688e-05
1.447774454011171655e-05
1.447936021473849977e-05
1.448114603670221219e-05
1.448275833664493694e-05
1.448442029758353795e-05
1.448624161428849082e-05
1.448791535687922277e-05
1.448965454827086105e-05
1.449142547624951764e-05
1.449311010832681074e-05
1.449485470730794395e-05
1.449667216441441074e-05
1.449837050835298248e-05
1.450015707478713377e-05
1.450194651760024660e-05
1.450364671968332615e-05
1.450552948754505574e-05
1.450733455722936794e-05
1.450911422910059742e-05
1.451094777368091266e-05
1.451273590564533671e-05
1.451458573572565772e-05
1.451647490121995345e-05
1.451827251288305536e-05
1.452013895609823673e-05
1.452202191767605917e-05
1.452379245568998967e-05
1.452573677843567808e-05
1.452767156479666882e-05
1.452950660427557137e-05
1.453144505990223195e-05
1.453332644196330593e-05
1.453521158881407858e-05
1.453726346540999746e-05
1.453914336698403484e-05
1.454101768577663761e-05
1.454300150004275004e-05
1.454487420093532499e-05
1.454680147669814240e-05
1.454880365014564970e-05
1.455063382960700061e-05
1.455259244144127644e-05
1.455451024044200808e-05
1.455635725966084425e-05
1.455834136667004747e-05
1.456023896694598932e-05
1.456204354804870744e-05
1.456396305474880660e-05
1.456588592994816513e-05
1.456773428610794710e-05
1.456967668749616168e-05
1.457146641904980427e-05
1.457324285519045514e-05
1.457514265313115801e-05
1.457698024227571563e-05
1.457881127184915475e-05
1.458063671639475843e-05
1.458242624320587722e-05
1.458421490540143541e-05
1.458601478113116212e-05
1.458774818924226360e-05
1.458951434751586454e-05
1.459128184180189037e-05
1.459294515805016149e-05
1.459461595328879392e-05
1.459634306878569788e-05
1.459797221516341589e-05
1.459958781675383625e-05
1.460115504334538333e-05
1.460272815027296549e-05
1.460433709757070399e-05
1.460582160399728611e-05
1.460728895460011972e-05
1.460884448064544778e-05
1.461022506050044248e-05
1.461161811900679424e-05
1.461306814683341538e-05
1.461433629629237242e-05
1.461565317350144939e-05
1.461704385377511787e-05
1.461818231978778807e-05
1.461940193535696433e-05
1.462068331135667601e-05
1.462171888822136955e-05
1.462282789739978671e-05
1.462393082280568511e-05
1.462488981672775615e-05
1.462598019504414785e-05
1.462681861492654420e-05
1.462760884350104406e-05
1.462860528376964019e-05
1.462936674313915674e-05
1.463001713440813542e-05
1.463084556769228127e-05
1.463133799300776397e-05
1.463191342201400847e-05
1.463256802554666304e-05
1.463294145026152430e-05
1.463338314918913411e-05
1.463382983787062207e-05
1.463389981971737937e-05
1.463425791911574296e-05
1.463457285270330990e-05
1.463454181939196746e-05
1.463474923042326989e-05
1.463468362569336257e-05
1.463450545219025896e-05
1.463461300187064788e-05
1.463441857539525708e-05
1.463401668068329421e-05
1.463386517627676174e-05
1.463338347129021405e-05
1.463291851969975431e-05
1.463262937755124527e-05
1.463189198115812418e-05
1.463126695845897814e-05
1.463069654870339239e-05
1.462973029533469001e-05
1.462903328809030015e-05
1.462835091426023311e-05
1.462720346768432669e-05
1.462628161949876303e-05
1.462523151288036213e-05
1.462396073551604006e-05
1.462303972006233113e-05
1.462179254731054651e-05
1.462029136110808894e-05
1.461910178425043465e-05
1.461761774626065514e-05
1.461602132974740841e-05
1.461479756735240847e-05
1.461301519414299902e-05
1.461126054510944312e-05
1.460970073375740000e-05
1.460781471786936164e-05
1.460602320326767003e-05
1.460436773964083830e-05
1.460214155709604020e-05
1.460018383605603696e-05
1.459827639910021681e-05
1.459598929977213991e-05
1.459399040513655206e-05
1.459181728206883541e-05
1.458937083064409728e-05
1.458720487194550842e-05
1.458486215335403535e-05
1.458237014497502941e-05
1.458013163122780997e-05
1.457757357833400676e-05
1.457501150140939506e-05
1.457259396544980928e-05
1.456993931964413642e-05
1.456734522762368402e-05
1.456487461647641232e-05
1.456195308804856183e-05
1.455925622041724726e-05
1.455661909965604611e-05
1.455365933217644073e-05
1.455102656025165846e-05
1.454813407770583885e-05
1.454505163461504796e-05
1.454236654478229810e-05
1.453939583116990030e-05
1.453630361044687364e-05
1.453361588691510929e-05
1.453041689245277438e-05
1.452731269699475561e-05
1.452459691675352904e-05
1.452135510700570931e-05
1.451827304773493040e-05
1.451547443976962208e-05
1.451215021713010245e-05
1.450915796782917371e-05
1.450635303191576132e-05
1.450295649354961971e-05
1.450007370051569333e-05
1.449716569464656497e-05
1.449376749596274906e-05
1.449103279741617789e-05
1.448805561634940212e-05
1.448477891641199171e-05
1.448202569418082696e-05
1.447896411887772461e-05
1.447580172287617645e-05
1.447314942130673180e-05
1.447008855894258584e-05
1.446696563312749021e-05
1.446430423673949053e-05
1.446128030239665097e-05
1.445836290139004292e-05
1.445573795758497777e-05
1.445266977517706194e-05
1.444990300442895084e-05
1.444727145322745909e-05
1.444439209103938231e-05
1.444171915567867866e-05
1.443920639743474896e-05
1.443633632285938904e-05
1.443390226160186989e-05
1.443135736558437125e-05
1.442868444056479978e-05
1.442639312789796738e-05
1.442391408535195853e-05
1.442133721791438404e-05
1.441922765433278706e-05
1.441684347762650012e-05
1.441456297383659185e-05
1.441255249160656750e-05
1.441018956613616749e-05
1.440808606638726963e-05
1.440624886034127045e-05
1.440402452812300666e-05
1.440216344570211260e-05
1.440040846237040052e-05
1.439829250634781925e-05
1.439662454217782507e-05
1.439499436438292382e-05
1.439309535635481192e-05
1.439170300632708674e-05
1.439009554034163041e-05
1.438835684069712282e-05
1.438718758340790950e-05
1.438577537668965678e-05
1.438427850950188517e-05
1.438326611344830849e-05
1.438191812695711441e-05
1.438068137493139637e-05
1.437990561218862385e-05
1.437869484541487071e-05
1.437772506600541983e-05
1.437706951014153550e-05
1.437601212688408410e-05
1.437526682053593358e-05
1.437481792576041081e-05
1.437398169157397802e-05
1.437352168725425399e-05
1.437314826519932859e-05
1.437247901881192507e-05
1.437230381673758855e-05
1.437214389197631059e-05
1.437170099444200464e-05
1.437178744023021715e-05
1.437175601352102413e-05
1.437155732793140470e-05
1.437186399279988648e-05
1.437198427173133419e-05
1.437206974313963766e-05
1.437259974014374123e-05
1.437279256546601623e-05
1.437314191253703760e-05
1.437389267214829369e-05
1.437430295890284108e-05
1.437489212870883998e-05
1.437580537349132016e-05
1.437635869189549708e-05
1.437726622334182645e-05
1.437834712648713638e-05
1.437910232520064428e-05
1.438033196362532313e-05
1.438156802408857564e-05
1.438247494082963244e-05
1.438394617516580579e-05
1.438532718735220708e-05
1.438653458176737988e-05
1.438823517493045516e-05
1.438973998894060918e-05
1.439114704354346208e-05
1.439314074091049040e-05
1.439480906765418449e-05
1.439649798995802428e-05
1.439871620328661679e-05
1.440048604949335193e-05
1.440242410478485029e-05
1.440475415636262143e-05
1.440673705455948433e-05
1.440895984833270740e-05
1.441147633253142351e-05
