1.638207345497853469e-06
1.636899873420789043e-06
1.635555627966225658e-06
1.634176758646815248e-06
1.632769687561590366e-06
1.631331857254484693e-06
1.629864534999635191e-06
1.628360019636210331e-06
1.626830425008273152e-06
1.625273264136487001e-06
1.623690332519820192e-06
1.622071952168215243e-06
1.620433949035325711e-06
1.618769122017659658e-06
1.617078363696190689e-06
1.615361803121772060e-06
1.613622973727311515e-06
1.611864369792939307e-06
1.610082779980611047e-06
1.608274523352747649e-06
1.606451309782600288e-06
1.604607825075699511e-06
1.602743608319154738e-06
1.600859588488571294e-06
1.598960303397296099e-06
1.597045674802120509e-06
1.595117286720197182e-06
1.593171344317944057e-06
1.591208008505421958e-06
1.589240599467278389e-06
1.587256208631236265e-06
1.585263646156408167e-06
1.583257091945700255e-06
1.581244691288829778e-06
1.579224444527695600e-06
1.577195566130530025e-06
1.575158980516639524e-06
1.573120667392549086e-06
1.571074477914284544e-06
1.569028526121235894e-06
1.566977757596567935e-06
1.564924154090168981e-06
1.562873420529861708e-06
1.560824164978857678e-06
1.558771947719190473e-06
1.556727516150434249e-06
1.554682323675093364e-06
1.552643476307614965e-06
1.550604217680062397e-06
1.548573377766995716e-06
1.546549110237551862e-06
1.544534566718214079e-06
1.542521366372332870e-06
1.540521502428220447e-06
1.538531021179836263e-06
1.536550744287316623e-06
1.534579645625212016e-06
1.532622949446312961e-06
1.530676647342064203e-06
1.528747335461870279e-06
1.526828111400574319e-06
1.524924779767313380e-06
1.523040591999642911e-06
1.521169854951293659e-06
1.519316280136430731e-06
1.517476602369413212e-06
1.515659308632965419e-06
1.513862412474104715e-06
1.512088421634875889e-06
1.510325440757733785e-06
1.508590795911017190e-06
1.506875194414573435e-06
1.505186755717874533e-06
1.503512207905787183e-06
1.501865970083566133e-06
1.500246433109352200e-06
1.498648890105631401e-06
1.497072889818890750e-06
1.495524254847277965e-06
1.494004473621012618e-06
1.492508527954395874e-06
1.491035086629070834e-06
1.489592095051968769e-06
1.488180417311433480e-06
1.486795636342770250e-06
1.485432274307723441e-06
1.484100532821725858e-06
1.482801952683084747e-06
1.481534273842879781e-06
1.480287637076940853e-06
1.479079484710796871e-06
1.477897423649316546e-06
1.476750619944097742e-06
1.475625431672453668e-06
1.474536883076291294e-06
1.473481732097100435e-06
1.472457645058454457e-06
1.471457730344280558e-06
1.470497600547234445e-06
1.469569181577839726e-06
1.468670608075484311e-06
1.467808732088851075e-06
1.466971961680002635e-06
1.466171539707114993e-06
1.465404575710094142e-06
1.464670002760887532e-06
1.463968412944553607e-06
1.463298258514680579e-06
1.462661446482096532e-06
1.462059839699844511e-06
1.461485094659810539e-06
1.460946561442708422e-06
1.460439255687991941e-06
1.459964166155357307e-06
1.459518602952108331e-06
1.459109286877697814e-06
1.458729329927082101e-06
1.458384089949824071e-06
1.458068227197228346e-06
1.457787041081319761e-06
1.457537396633688156e-06
1.457316365488806381e-06
1.457129357794678128e-06
1.456972934544432602e-06
1.456849814757901615e-06
1.456757277517958210e-06
1.456697016512779071e-06
1.456666027385719184e-06
1.456664483478271203e-06
1.456696463185097605e-06
1.456755348120250715e-06
1.456848946896295391e-06
1.456974601621923423e-06
1.457127688542205539e-06
1.457308606453897100e-06
1.457520367227805804e-06
1.457763884748338898e-06
1.458034749373355826e-06
1.458336425932779968e-06
1.458663632933099442e-06
1.459013668797796144e-06
1.459401990870305996e-06
1.459812115881018440e-06
1.460247358212147304e-06
1.460712944124938413e-06
1.461204389171334246e-06
1.461725008662879511e-06
1.462263475650652513e-06
1.462837060137832130e-06
1.463432460912167080e-06
1.464055491296818236e-06
1.464695457647727224e-06
1.465365926715160337e-06
1.466063131342511340e-06
1.466784781054092412e-06
1.467519774048664877e-06
1.468290467204305221e-06
1.469079042345725645e-06
1.469889742431073443e-06
1.470717263585494162e-06
1.471577213497790729e-06
1.472453197761182806e-06
1.473354756058644685e-06
1.474268706622568578e-06
1.475207886290409157e-06
1.476170529195265528e-06
1.477150777635765012e-06
1.478140803226762129e-06
1.479157690202692235e-06
1.480194189823981392e-06
1.481251415364292304e-06
1.482316149104968990e-06
1.483404194808025626e-06
1.484510334117479596e-06
1.485633757967849034e-06
1.486766162396437432e-06
1.487921162348202200e-06
1.489095674309916905e-06
1.490279061149331389e-06
1.491478431996577076e-06
1.492694832619751997e-06
1.493925549616830606e-06
1.495167952523673140e-06
1.496428856257792829e-06
1.497698245731564103e-06
1.498984341788092388e-06
1.500277906551002091e-06
1.501587313754774736e-06
1.502908169047874439e-06
1.504242404453414845e-06
1.505585001223888962e-06
1.506944771138384234e-06
1.508309114680892993e-06
1.509683482847647822e-06
1.511067130858438890e-06
1.512464508782747302e-06
1.513864103017627959e-06
1.515274909085797087e-06
1.516691732855101459e-06
1.518119232418722490e-06
1.519555536164564621e-06
1.520994961882562339e-06
1.522437247526913718e-06
1.523891263033872316e-06
1.525347190000326857e-06
1.526807906334844432e-06
1.528272836285802022e-06
1.529747374737014855e-06
1.531218471706602754e-06
1.532704108795424744e-06
1.534183073821520071e-06
1.535661685397778953e-06
1.537147052325432464e-06
1.538634489545532667e-06
1.540120340149551256e-06
1.541613381160867578e-06
1.543099019018910681e-06
1.544585971609361046e-06
1.546074472682884152e-06
1.547561447641763436e-06
1.549045476172272014e-06
1.550530591943991248e-06
1.552008234764946493e-06
1.553489103626676265e-06
1.554968060333668841e-06
1.556439837777160376e-06
1.557906183026096267e-06
1.559372309217199237e-06
1.560831398938988032e-06
1.562287271530187934e-06
1.563735585739644599e-06
1.565175568811400343e-06
1.566614029660820087e-06
1.568035778121165351e-06
1.569456291602504824e-06
1.570867483839755623e-06
1.572269883969469530e-06
1.573664209765138565e-06
1.575044226313652149e-06
1.576421331793296371e-06
1.577786384878598167e-06
1.579136886776561101e-06
1.580477680274735643e-06
1.581809354683347735e-06
1.583125651106888056e-06
1.584426229997165712e-06
1.585716477664227004e-06
1.586991964169649981e-06
1.588256702889318060e-06
1.589495026873114516e-06
1.590723150444500640e-06
1.591942596843470849e-06
1.593140729957577822e-06
1.594315775042514779e-06
1.595480516003499155e-06
1.596623222385964380e-06
1.597749366140208834e-06
1.598855475609316970e-06
1.599938453332421434e-06
1.601000866247279802e-06
1.602046544692719147e-06
1.603061231594890748e-06
1.604056774778179891e-06
1.605033968151870321e-06
1.605987888466854979e-06
1.606907058311228918e-06
1.607808511150974882e-06
1.608685052826677196e-06
1.609532074680145533e-06
1.610354415906696034e-06
1.611146836809981590e-06
1.611916580566178189e-06
1.612657839821743388e-06
1.613365149712668090e-06
1.614041862671100337e-06
1.614692000280302860e-06
1.615309191827211112e-06
1.615899476370405882e-06
1.616459771560221212e-06
1.616981476207017259e-06
1.617476436809143090e-06
1.617941197401168193e-06
1.618363565632355950e-06
1.618755800844396169e-06
1.619115203136166342e-06
1.619439877208764218e-06
1.619728820696838408e-06
1.619978583522679123e-06
1.620193423546992206e-06
1.620374303698019988e-06
1.620512530435357269e-06
1.620612749198882883e-06
1.620681350577542961e-06
1.620708674641234983e-06
1.620692566643144632e-06
1.620641345961139026e-06
1.620551145076369457e-06
1.620417541902899615e-06
1.620246342689307298e-06
1.620030433300861991e-06
1.619773631137685941e-06
1.619479185025747792e-06
1.619144453680606946e-06
1.618761114293674411e-06
1.618335256236022787e-06
1.617876005824228801e-06
1.617370297482758277e-06
1.616813678909891882e-06
1.616219403012993969e-06
1.615585437706575027e-06
1.614908209976199345e-06
1.614177997287098488e-06
1.613408679564581677e-06
1.612599573545966164e-06
1.611745211665421204e-06
1.610839148842961071e-06
1.609896947410438787e-06
1.608905932555816547e-06
1.607873507834151085e-06
1.606793243387335212e-06
1.605671107397458613e-06
1.604503583669797472e-06
1.603295957153036634e-06
1.602032551915456370e-06
1.600733967527137884e-06
1.599396447870675772e-06
1.598008922200979485e-06
1.596580373541654644e-06
1.595106414596714762e-06
1.593591620890194747e-06
1.592037064987359146e-06
1.590440026542291226e-06
1.588793308673786556e-06
1.587112966026472573e-06
1.585394916768916051e-06
1.583630907565448022e-06
1.581825245101450228e-06
1.579982924128789251e-06
1.578103171633775189e-06
1.576185530921156449e-06
1.574227444343950779e-06
1.572232149389789955e-06
1.570207702041662168e-06
1.568143867504547097e-06
1.566037833459330549e-06
1.563903685786387395e-06
1.561738605938903176e-06
1.559536153559906588e-06
1.557301051939125548e-06
1.555035895523624140e-06
1.552737383663291757e-06
1.550415493671790293e-06
1.548054318105367446e-06
1.545672487453043743e-06
1.543259360052969282e-06
1.540820614280927324e-06
1.538351463999895892e-06
1.535868027418077613e-06
1.533352819733464104e-06
1.530818951900111048e-06
1.528253511059311650e-06
1.525673339785724721e-06
1.523076304443751340e-06
1.520454730756999478e-06
1.517812309554843395e-06
1.515154272268095507e-06
1.512483153869020338e-06
1.509795122308251615e-06
1.507091500358081927e-06
1.504373518492274605e-06
1.501644505834956297e-06
1.498905516187862438e-06
1.496159487962021128e-06
1.493395012811235088e-06
1.490631246126869251e-06
1.487854782549638046e-06
1.485077803526001775e-06
1.482286586060014214e-06
1.479492993821470843e-06
1.476701851911347549e-06
1.473905351349501058e-06
1.471106470581883420e-06
1.468306293968737444e-06
1.465510927931403490e-06
1.462716467066217548e-06
1.459923985673185644e-06
1.457136305680435622e-06
1.454354736994826562e-06
1.451576420901633554e-06
1.448805202354028882e-06
1.446045989742605501e-06
1.443295452130642795e-06
1.440548547373729189e-06
1.437814505919221560e-06
1.435101233025795494e-06
1.432391865815307189e-06
1.429702332664969819e-06
1.427021912642355194e-06
1.424359744666921292e-06
1.421716344478455534e-06
1.419087480539127366e-06
1.416478499788252616e-06
1.413890098381599991e-06
1.411324839362372916e-06
1.408770739281306433e-06
1.406239853988699228e-06
1.403740485506004997e-06
1.401255339199670357e-06
1.398799441295413159e-06
1.396364028249179773e-06
1.393949469648102063e-06
1.391571715218301289e-06
1.389215829986233183e-06
1.386883533178032237e-06
1.384580292996047141e-06
1.382309818211725119e-06
1.380058972324647996e-06
1.377854417916493144e-06
1.375660117598699059e-06
1.373511315833187056e-06
1.371391547121424132e-06
1.369304022171377785e-06
1.367241103830709918e-06
1.365218561378321720e-06
1.363224920863881181e-06
1.361272493023239888e-06
1.359346271464468695e-06
1.357458115108472441e-06
1.355606920230931778e-06
1.353794436777959739e-06
1.352008938248738590e-06
1.350265618404615376e-06
1.348557893865039948e-06
1.346888322464823690e-06
1.345251264671399486e-06
1.343653012093817116e-06
1.342094427361928325e-06
1.340576951865250570e-06
1.339086511171985068e-06
1.337639914821235352e-06
1.336234056787147603e-06
1.334866920275243765e-06
1.333532614128351707e-06
1.332242634124203825e-06
1.330987984408319725e-06
1.329777997408074084e-06
1.328600954535138838e-06
1.327462987467692298e-06
1.326368824955765197e-06
1.325315964808365399e-06
1.324297142601612961e-06
1.323314873053314958e-06
1.322376472386919171e-06
1.321478478998998741e-06
1.320620267307330280e-06
1.319793508191640789e-06
1.319010640184759534e-06
1.318272843375305689e-06
1.317568070220566002e-06
1.316898843610792896e-06
1.316277241578727349e-06
1.315689821509014057e-06
1.315141446773357082e-06
1.314629879844641295e-06
1.314162772155929137e-06
1.313732050878892209e-06
1.313338477771875622e-06
1.312977762174081129e-06
1.312661311467072490e-06
1.312381373375871089e-06
1.312136835409870987e-06
1.311924441045987457e-06
1.311756998547798181e-06
1.311622418427386009e-06
1.311525446032233881e-06
1.311457844454898865e-06
1.311432885183326114e-06
1.311443834866930632e-06
1.311487451480132756e-06
1.311562468763827080e-06
1.311680184889752190e-06
1.311829334906347469e-06
1.312010801961074500e-06
1.312224107408649989e-06
1.312474093767365975e-06
1.312755277925393054e-06
1.313072363419653567e-06
1.313411968172047425e-06
1.313793784101491199e-06
1.314205635701509148e-06
1.314647708300154946e-06
1.315121476489825489e-06
1.315623713483658242e-06
1.316156826455252550e-06
1.316720440794254810e-06
1.317313310131262867e-06
1.317929127681350768e-06
1.318580139566570829e-06
1.319254191101512843e-06
1.319954952117988858e-06
