1.853925634603109239e-06
1.853333271592619395e-06
1.852686188996501166e-06
1.851997149259948212e-06
1.851247605769042552e-06
1.850453142789578245e-06
1.849598718283141145e-06
1.848706405491845163e-06
1.847757992417339054e-06
1.846751805033508861e-06
1.845690149506191035e-06
1.844590224287837248e-06
1.843425356555876461e-06
1.842208003694261700e-06
1.840928163862848549e-06
1.839612329797090691e-06
1.838232908453861195e-06
1.836801059388994441e-06
1.835314705220447639e-06
1.833775318607820212e-06
1.832181316040712845e-06
1.830537936803978960e-06
1.828832600092064071e-06
1.827080918197004055e-06
1.825272878779438655e-06
1.823413283975273727e-06
1.821496525470866084e-06
1.819532744238954231e-06
1.817511314903371573e-06
1.815441865806611421e-06
1.813312968606694438e-06
1.811141938906700482e-06
1.808918502544866166e-06
1.806645851050353547e-06
1.804321281548391829e-06
1.801953163605030868e-06
1.799535881276344201e-06
1.797074226952576020e-06
1.794561485604229560e-06
1.792006662716936289e-06
1.789412266765274993e-06
1.786772757734748936e-06
1.784093655743543474e-06
1.781365329571294202e-06
1.778604835693027185e-06
1.775806783278935091e-06
1.772974299449057750e-06
1.770097337780582766e-06
1.767193214006387419e-06
1.764256125510844058e-06
1.761287744433166283e-06
1.758283019674134556e-06
1.755258251151073637e-06
1.752205306801506102e-06
1.749126271999330337e-06
1.746013520862210731e-06
1.742886565265726033e-06
1.739736981311909553e-06
1.736570368034142525e-06
1.733377306947956125e-06
1.730176785363881896e-06
1.726960571466177242e-06
1.723731894303491037e-06
1.720484484584885909e-06
1.717236872525503024e-06
1.713979919286015838e-06
1.710720304438743955e-06
1.707449408620707255e-06
1.704182540885494920e-06
1.700913501324673707e-06
1.697648596030145003e-06
1.694386606745268864e-06
1.691123686181966972e-06
1.687874843326001678e-06
1.684631322083768643e-06
1.681402719450012642e-06
1.678178700146487260e-06
1.674974636640080304e-06
1.671785161296166221e-06
1.668614087747835185e-06
1.665457598309682135e-06
1.662328110700208319e-06
1.659221256853134292e-06
1.656142034820769551e-06
1.653078559347926344e-06
1.650052591560518928e-06
1.647051980156882735e-06
1.644086678614009756e-06
1.641142164696729391e-06
1.638240784366086974e-06
1.635372039053379960e-06
1.632540069839909842e-06
1.629736789372809885e-06
1.626982051472920997e-06
1.624263172826391475e-06
1.621589760861229411e-06
1.618949317926540051e-06
1.616360149922317938e-06
1.613817745342224187e-06
1.611318734719220247e-06
1.608861627660739691e-06
1.606455294847412447e-06
1.604100621460726896e-06
1.601795373797714779e-06
1.599539319815564515e-06
1.597327471893810932e-06
1.595174072575694582e-06
1.593073564979684311e-06
1.591026884357018458e-06
1.589026402170833211e-06
1.587086814949706512e-06
1.585204032544465256e-06
1.583374638366467176e-06
1.581596258701435825e-06
1.579880270716940660e-06
1.578221928602570251e-06
1.576619448024288777e-06
1.575066966144701802e-06
1.573576369347637353e-06
1.572147362464608390e-06
1.570772227614124941e-06
1.569449753834866502e-06
1.568189286841467484e-06
1.566989159087336877e-06
1.565848388264235407e-06
1.564755771213030483e-06
1.563729904901676746e-06
1.562762301097588394e-06
1.561853293584231136e-06
1.560993934431776296e-06
1.560201202061635227e-06
1.559461896979208533e-06
1.558785144672606958e-06
1.558162065853417138e-06
1.557590018840720989e-06
1.557081024830514401e-06
1.556629459338829358e-06
1.556234858499769185e-06
1.555888063766314101e-06
1.555605638530654598e-06
1.555379390241108940e-06
1.555207346820151002e-06
1.555082782706494464e-06
1.555016732944530530e-06
1.555006784735865994e-06
1.555050114962278802e-06
1.555136233186895895e-06
1.555280200782467145e-06
1.555480377645959654e-06
1.555730255206411917e-06
1.556022871737010638e-06
1.556368488291016884e-06
1.556768395679131837e-06
1.557217433068694712e-06
1.557708082240877980e-06
1.558248847764899994e-06
1.558842928182537805e-06
1.559479980798385799e-06
1.560157330115128630e-06
1.560886697313045039e-06
1.561659197827361158e-06
1.562476766761905362e-06
1.563331477432116473e-06
1.564237510641251272e-06
1.565182565172653509e-06
1.566170744042407658e-06
1.567201674063238780e-06
1.568261283820917794e-06
1.569374832012216262e-06
1.570518187836106485e-06
1.571706962624894508e-06
1.572921735259408260e-06
1.574183638358896800e-06
1.575481592585772333e-06
1.576817826559902075e-06
1.578177479083008092e-06
1.579584050193110423e-06
1.581019902215342424e-06
1.582493723962134862e-06
1.583986966429482488e-06
1.585519397424550339e-06
1.587079780140439694e-06
1.588676344975988931e-06
1.590287744600561451e-06
1.591937121682019109e-06
1.593614394669747037e-06
1.595316354975546722e-06
1.597040672113106918e-06
1.598795528027142668e-06
1.600572747416401930e-06
1.602376656408673623e-06
1.604198621861941580e-06
1.606051391519444995e-06
1.607922079110160697e-06
1.609814302739897707e-06
1.611725888902960686e-06
1.613659167138541246e-06
1.615610615548558978e-06
1.617579584549594399e-06
1.619571820832042979e-06
1.621575429205017530e-06
1.623596088274707400e-06
1.625640502940538514e-06
1.627696760237013368e-06
1.629762736248280367e-06
1.631848793994628286e-06
1.633947798955262472e-06
1.636054893565747762e-06
1.638177869329011229e-06
1.640308099305329796e-06
1.642453707007799103e-06
1.644606672766049138e-06
1.646765019992641622e-06
1.648933449122998819e-06
1.651116028803424378e-06
1.653304036813472169e-06
1.655489062104474098e-06
1.657692293474001883e-06
1.659899401459620014e-06
1.662111224309286873e-06
1.664322057061380203e-06
1.666545556749556532e-06
1.668766113429066672e-06
1.670993586006763553e-06
1.673222055368737569e-06
1.675450247964347997e-06
1.677683694630689699e-06
1.679915131827913869e-06
1.682145231924167179e-06
1.684368656089278473e-06
1.686605746852341899e-06
1.688830747297297420e-06
1.691056647412842975e-06
1.693280472918009488e-06
1.695499254933739848e-06
1.697715148566872101e-06
1.699921902775418702e-06
1.702118424987233733e-06
1.704318897180848072e-06
1.706501630734729161e-06
1.708687525014792376e-06
1.710854845092415314e-06
1.713016736363838861e-06
1.715168691731815650e-06
1.717311970509901621e-06
1.719436303939529030e-06
1.721555921782080388e-06
1.723662503729258883e-06
1.725761801106530789e-06
1.727834014255137266e-06
1.729903618995295842e-06
1.731958104210593947e-06
1.733997036235139613e-06
1.736013863662850691e-06
1.738019168291971192e-06
1.740008223198054872e-06
1.741983401596336011e-06
1.743922922069841334e-06
1.745858137117101838e-06
1.747776412399409074e-06
1.749670838473275258e-06
1.751542492088553125e-06
1.753392568377409245e-06
1.755219702353641597e-06
1.757034960155880370e-06
1.758825382133963089e-06
1.760583105072518243e-06
1.762324746719796771e-06
1.764044153761670809e-06
1.765738631673172173e-06
1.767398517298216403e-06
1.769040374045801451e-06
1.770654517394196127e-06
1.772237335292809933e-06
1.773786951906318326e-06
1.775317259737626361e-06
1.776812381740132937e-06
1.778285290037105957e-06
1.779712824533218907e-06
1.781123973128505290e-06
1.782500087479267631e-06
1.783844182649126181e-06
1.785150739007116560e-06
1.786430375720295563e-06
1.787675107756977109e-06
1.788880928723888326e-06
1.790048826173209444e-06
1.791191105105743936e-06
1.792297087929245644e-06
1.793361699529284983e-06
1.794381378772643682e-06
1.795374934553551827e-06
1.796331069465640910e-06
1.797243519824473203e-06
1.798122787623977999e-06
1.798953251368249466e-06
1.799746515488908016e-06
1.800502359366270113e-06
1.801214776755051556e-06
1.801881695566627818e-06
1.802505680860772415e-06
1.803090221034394556e-06
1.803632346170669725e-06
1.804118242600269287e-06
1.804566119847149066e-06
1.804973406776548122e-06
1.805330853877648004e-06
1.805637729182165958e-06
1.805902556602517722e-06
1.806126892423675599e-06
1.806301071769860558e-06
1.806416901067204209e-06
1.806498568619501134e-06
1.806525629222299023e-06
1.806507911167872176e-06
1.806436600736465683e-06
1.806316248601045513e-06
1.806152565925356122e-06
1.805936258682982744e-06
1.805673769966349140e-06
1.805352313060997412e-06
1.804995109004228834e-06
1.804584636803391492e-06
1.804117613185071466e-06
1.803607328240498578e-06
1.803048568088312008e-06
1.802441098549802414e-06
1.801778574218647202e-06
1.801057408803363823e-06
1.800300554847418816e-06
1.799487012854720396e-06
1.798625888923810256e-06
1.797712694730991393e-06
1.796752850561975186e-06
1.795739927087152608e-06
1.794685505696781781e-06
1.793572403654003265e-06
1.792417852907742918e-06
1.791218181431913416e-06
1.789970611757848663e-06
1.788664539137111689e-06
1.787323401164125440e-06
1.785935864248234012e-06
1.784495600266364279e-06
1.783013808659980569e-06
1.781488720949581071e-06
1.779915686125980098e-06
1.778301990198948559e-06
1.776638097563621531e-06
1.774940044964882055e-06
1.773202583102861109e-06
1.771415436521454424e-06
1.769589943951124625e-06
1.767727643228029356e-06
1.765830554829002556e-06
1.763895303056993003e-06
1.761916181503005388e-06
1.759907617902477050e-06
1.757864769008794459e-06
1.755784868594661327e-06
1.753674170858826338e-06
1.751530096925859943e-06
1.749351386256507387e-06
1.747146033331442067e-06
1.744910714744768669e-06
1.742641812815559639e-06
1.740352098242335045e-06
1.738035213437603760e-06
1.735697963770849408e-06
1.733323876396964311e-06
1.730940379911093479e-06
1.728531987144748337e-06
1.726104212645950618e-06
1.723652492155855696e-06
1.721190322279181608e-06
1.718712289548278029e-06
1.716217377280969523e-06
1.713703657896829197e-06
1.711185071811939286e-06
1.708654761722063562e-06
1.706117332212937773e-06
1.703562392537073559e-06
1.701010579412106350e-06
1.698452473835466914e-06
1.695886686460829886e-06
1.693319540780676277e-06
1.690755037247965113e-06
1.688188486406251552e-06
1.685621821968803109e-06
1.683056973086124102e-06
1.680498599767834460e-06
1.677943744732174146e-06
1.675397084290216454e-06
1.672858450922762723e-06
1.670319235986602717e-06
1.667795017811711430e-06
1.665288252210810529e-06
1.662788254828382706e-06
1.660296691873354680e-06
1.657830374131030382e-06
1.655380729779783972e-06
1.652945428782352585e-06
1.650519714165974684e-06
1.648121915991445211e-06
1.645748140565014710e-06
1.643394713246696014e-06
1.641055513094227685e-06
1.638747522150230072e-06
1.636460538731951580e-06
1.634203103706518746e-06
1.631963794538302311e-06
1.629762292010373460e-06
1.627585683229611933e-06
1.625439289754076630e-06
1.623317668561393868e-06
1.621237125931064469e-06
1.619184204313367225e-06
1.617162836285866023e-06
1.615166029801350897e-06
1.613216043936114272e-06
1.611298668491448696e-06
1.609409842026676369e-06
1.607556783660035925e-06
1.605743598635772031e-06
1.603971385805622437e-06
1.602228747622701858e-06
1.600531376935375586e-06
1.598865923449832944e-06
1.597244967159817640e-06
1.595661358707396004e-06
1.594121623680208638e-06
1.592617822098755218e-06
1.591155736053822862e-06
1.589735276148770388e-06
1.588359951296350568e-06
1.587018054830857650e-06
1.585727885591408307e-06
1.584475534932168874e-06
1.583265337749138902e-06
1.582096399550560853e-06
1.580975091156663978e-06
1.579894879432442147e-06
1.578859197972704198e-06
1.577860823568657729e-06
1.576917068954556759e-06
1.576010057199890865e-06
1.575149123951016579e-06
1.574320525772968522e-06
1.573546901477249107e-06
1.572812474563687656e-06
1.572124525166567204e-06
1.571478760146937071e-06
1.570874481754343547e-06
1.570309420060386141e-06
1.569792337516419931e-06
1.569317759964814887e-06
1.568884318092799021e-06
1.568493025149832399e-06
1.568148381272784763e-06
1.567844332164075503e-06
1.567572549354595820e-06
1.567347707897182972e-06
1.567170739917386926e-06
1.567025202144453776e-06
1.566920572132973441e-06
1.566861854436080611e-06
1.566842277081250068e-06
1.566862579492685053e-06
1.566915300866552400e-06
1.567012456719598180e-06
1.567151055922204385e-06
1.567325826675424806e-06
1.567533399183581001e-06
1.567784627335978030e-06
1.568073309606646609e-06
1.568401356513847175e-06
1.568758765283546125e-06
1.569158926229649715e-06
1.569594226532182534e-06
1.570064668323773855e-06
1.570563931330037251e-06
1.571103919927869121e-06
1.571675349998456569e-06
1.572279528084149788e-06
1.572912555739809930e-06
1.573582235180079304e-06
1.574285389951817434e-06
1.575015465989093334e-06
1.575776567766901758e-06
1.576570577184688510e-06
1.577396081828837199e-06
1.578248354037255525e-06
1.579132605628689088e-06
1.580039611627555405e-06
1.580978897150500373e-06
1.581943886802603744e-06
1.582936970273289230e-06
1.583951396237571011e-06
1.584995748788049702e-06
1.586064894744492483e-06
1.587160992676046408e-06
1.588275761353807946e-06
1.589420367276858921e-06
1.590586036647352366e-06
1.591776836648992397e-06
1.592985317456083440e-06
1.594221033018971506e-06
1.595474689901421351e-06
1.596751216234600351e-06
1.598044133307583172e-06
1.599359729671251395e-06
1.600690617181421259e-06
1.602043325015656989e-06
1.603407877248018299e-06
1.604797243731354215e-06
1.606199005941342297e-06
1.607621720957806947e-06
1.609055676610934075e-06
1.610509832641068375e-06
1.611976953672549372e-06
1.613461338323693673e-06
1.614956923529708265e-06
1.616465229700748319e-06
1.617991995270994515e-06
1.619531476082927654e-06
1.621078435499412580e-06
1.622638820200554675e-06
1.624213936725103607e-06
1.625801107104378022e-06
1.627399557220290461e-06
1.629000798242691164e-06
1.630619671560412453e-06
1.632250049637475077e-06
1.633887902628223678e-06
1.635527670856590708e-06
1.637182591693096384e-06
1.638844189121170159e-06
1.640515282584285617e-06
1.642181566612591771e-06
1.643864528322045650e-06
1.645549630606765907e-06
1.647242406362170924e-06
1.648932033260840883e-06
1.650632550238918603e-06
1.652337706377992927e-06
1.654046480849841928e-06
1.655752672759895218e-06
1.657467175917312595e-06
1.659184683492612080e-06
1.660903128134844013e-06
1.662615402032067759e-06
1.664334319085235203e-06
1.666055215891636522e-06
1.667775688339186983e-06
1.669489632997758799e-06
1.671207754719649303e-06
1.672925131960086758e-06
1.674642653582526218e-06
1.676347358414501923e-06
1.678059265829861697e-06
1.679765903226148559e-06
1.681466974304559341e-06
1.683168324805637718e-06
1.684858624124501136e-06
1.686554074846341272e-06
1.688238853020991174e-06
1.689924917973097049e-06
1.691599643971861578e-06
1.693275660484381679e-06
1.694940814171315905e-06
1.696603861707729394e-06
1.698251816879786044e-06
1.699898238083859844e-06
1.701532630051448492e-06
1.703162534529650648e-06
1.704779284853513166e-06
1.706389606270159116e-06
1.707987592897664643e-06
1.709577580874532185e-06
1.711154940423899167e-06
1.712725827972063177e-06
1.714283562581398041e-06
1.715833583063507466e-06
1.717366695593617267e-06
1.718891895052601276e-06
1.720401041723956669e-06
1.721898038874379892e-06
1.723381780433957494e-06
1.724849995568955391e-06
1.726306226354839915e-06
1.727749036380118734e-06
1.729171605509139134e-06
1.730580546795306919e-06
1.731973481376099931e-06
1.733356367824411882e-06
1.734720505107647343e-06
1.736060825761401169e-06
1.737384257396075194e-06
1.738690880499579532e-06
1.739983464708095840e-06
1.741245988491072125e-06
1.742492097216758343e-06
1.743713405895143100e-06
1.744917704294265036e-06
1.746092552415411407e-06
1.747250892593574576e-06
1.748385631978725958e-06
1.749500113632980550e-06
1.750576774940092057e-06
1.751639445098702558e-06
1.752677036120485027e-06
1.753688865284488497e-06
1.754663115740251991e-06
1.755621864595007484e-06
1.756552846900708886e-06
1.757454489607348123e-06
1.758317608459807061e-06
1.759162298328527931e-06
1.759974184681904337e-06
1.760759806215664789e-06
1.761504448613732577e-06
1.762228385063226128e-06
1.762914078815185485e-06
1.763574980823411125e-06
1.764193921146477678e-06
1.764785372588150359e-06
1.765346434336389973e-06
1.765868889173339591e-06
1.766348736926323812e-06
1.766796888340599048e-06
1.767212056955001379e-06
1.767589771610642864e-06
1.767927144925924582e-06
1.768221793542222033e-06
1.768487943296596718e-06
1.768708205096292519e-06
1.768888363838513434e-06
1.769030294673828381e-06
1.769135013863359071e-06
1.769199062465231919e-06
1.769214515587313764e-06
1.769190037273820027e-06
1.769126526028090376e-06
1.769016567795577584e-06
1.768868913634054252e-06
1.768669583874436571e-06
1.768427180213757024e-06
1.768143702049001053e-06
1.767811960342031707e-06
1.767437881471004627e-06
1.767013484199548234e-06
1.766543059481363709e-06
1.766034162692763633e-06
1.765467980326737848e-06
1.764859136921164455e-06
1.764202226303513302e-06
1.763496512104119389e-06
1.762742865710817169e-06
1.761936620157264883e-06
1.761084526255774037e-06
1.760185271360603246e-06
1.759228299848839756e-06
1.758226018225582764e-06
1.757175244573731065e-06
1.756073498965846058e-06
1.754924846970017734e-06
1.753726285160689130e-06
1.752470938851700294e-06
1.751173918650328288e-06
1.749827092851196305e-06
1.748423580962681795e-06
1.746973800397678156e-06
1.745482632046586338e-06
1.743936101860342934e-06
1.742336156292328754e-06
1.740690610989917394e-06
1.739000065863032253e-06
1.737269087568491524e-06
1.735478276451781877e-06
1.733644592533488230e-06
1.731766326112902201e-06
1.729842310861258970e-06
1.727866391717812312e-06
1.725851592863431522e-06
1.723791849846986879e-06
1.721696662668790460e-06
1.719549452608625611e-06
1.717364256376130698e-06
1.715137103020901296e-06
1.712873064910187150e-06
1.710560900243221297e-06
1.708218308482317007e-06
1.705833285338489587e-06
1.703414000183281236e-06
1.700953227641651334e-06
1.698456842381452668e-06
1.695933759368036554e-06
1.693375460131172034e-06
1.690777958278306076e-06
1.688152661339329978e-06
1.685501492165527083e-06
1.682823599715566190e-06
1.680112380463631774e-06
1.677376871777701905e-06
1.674613409574675925e-06
1.671831835329472306e-06
1.669024218212999776e-06
1.666186124930854786e-06
1.663334518251498147e-06
1.660465182488439999e-06
1.657576307152300489e-06
1.654670849995406904e-06
1.651746421788385383e-06
1.648816469177432775e-06
1.645868986328294652e-06
1.642904836731414373e-06
1.639934433658578527e-06
1.636959271719431581e-06
1.633973438730571784e-06
1.630975919314532268e-06
1.627980375637702923e-06
1.624978499911110081e-06
1.621979096780723263e-06
1.618969578856365611e-06
1.615966364457079548e-06
1.612965590574678569e-06
1.609965459957769589e-06
1.606967036373422830e-06
1.603980852170101594e-06
1.600997162281273891e-06
1.598026166556318996e-06
1.595062920953411969e-06
1.592111622502341983e-06
1.589173523310914193e-06
1.586248290166948921e-06
1.583340263763568852e-06
1.580439450865234308e-06
1.577562559341399135e-06
1.574708348955789158e-06
1.571872663643160989e-06
1.569053366120819687e-06
1.566262470894579617e-06
1.563489266439735637e-06
1.560747558827026114e-06
1.558022680433130355e-06
1.555330941995571256e-06
1.552671073042282158e-06
1.550035968804071238e-06
1.547420953307572365e-06
1.544849636717859016e-06
1.542306386628115711e-06
1.539798128268636337e-06
1.537314229356556118e-06
1.534870795157691651e-06
1.532464218641042105e-06
1.530091474643653096e-06
1.527750135295811082e-06
1.525453541316483456e-06
1.523190589129492003e-06
1.520970726890690541e-06
1.518784011618758299e-06
1.516644006544854559e-06
1.514545167228606898e-06
1.512485993723209472e-06
1.510460214111909221e-06
1.508484291196909452e-06
1.506554302969810309e-06
1.504665334069090573e-06
1.502817495573606766e-06
1.501014622598669549e-06
1.499257617314153804e-06
1.497546140310443015e-06
1.495882231414819528e-06
1.494255925757990226e-06
1.492680720095618016e-06
1.491154006090768085e-06
1.489676574316498144e-06
1.488238555519665080e-06
1.486851626169325882e-06
1.485510391832356309e-06
1.484221071159591177e-06
1.482970080021632927e-06
1.481772537042707141e-06
1.480625234071238343e-06
1.479521061649346721e-06
1.478460638637901204e-06
1.477452009047559120e-06
1.476492675679454014e-06
1.475579269656863228e-06
1.474708231866668802e-06
1.473891417714737283e-06
1.473122024281759351e-06
1.472401859166740073e-06
1.471722172858335957e-06
1.471090964217690673e-06
1.470510312308387197e-06
1.469976265050234019e-06
1.469484641413358591e-06
1.469039253597845828e-06
1.468644845547065282e-06
1.468297001846689700e-06
1.467989427335742517e-06
1.467729629846698322e-06
1.467517953287010696e-06
1.467351754699658138e-06
1.467231156886160206e-06
1.467145852492265049e-06
1.467114538026540411e-06
1.467126727847627109e-06
1.467179922834518162e-06
1.467272227036485376e-06
1.467411132686869458e-06
1.467593711385051109e-06
1.467813896609774106e-06
1.468072939482209461e-06
1.468375457169319141e-06
1.468723526498486530e-06
1.469104956140050569e-06
1.469526274529187315e-06
1.469992310915665232e-06
1.470493525613453510e-06
1.471037488235390895e-06
1.471609757128992688e-06
1.472231077044929629e-06
1.472883676033080221e-06
1.473577731314560474e-06
1.474294530702568378e-06
1.475060086049091405e-06
1.475854975776475703e-06
1.476689892605101228e-06
1.477552553404996723e-06
1.478452174030243158e-06
1.479387135446781290e-06
1.480353203212728529e-06
1.481346579512372339e-06
1.482378132395778755e-06
1.483439613432080268e-06
1.484530140613748001e-06
1.485643564693020618e-06
1.486794940409440441e-06
1.487974781900310983e-06
1.489181395155438410e-06
1.490414407275241889e-06
1.491666086778110994e-06
1.492951307020823896e-06
1.494265783533780789e-06
1.495600375068915139e-06
1.496954196921686932e-06
1.498338872421833942e-06
1.499749833400273303e-06
1.501182431040740833e-06
1.502628668626164277e-06
1.504101476378882690e-06
1.505593644975200104e-06
1.507106731205885652e-06
1.508640287016878796e-06
1.510192669315569052e-06
1.511763091393949010e-06
1.513354283953433687e-06
1.514960508836188806e-06
1.516581928234319910e-06
1.518228581844914463e-06
1.519882707760040441e-06
1.521554952438389558e-06
1.523238228905811162e-06
1.524940486486593652e-06
1.526656873459599944e-06
1.528376589156219073e-06
1.530114432973527807e-06
1.531862078662014245e-06
1.533625752527298601e-06
1.535393165482671381e-06
1.537170498307878476e-06
1.538960758591414452e-06
1.540755711897765026e-06
1.542557887140315324e-06
1.544369188417593619e-06
1.546188362096976634e-06
1.548012923704118602e-06
1.549849874664476215e-06
1.551673843868876221e-06
1.553516689581670982e-06
1.555358443038540518e-06
1.557206534557709659e-06
1.559050613783588195e-06
1.560899925939446148e-06
1.562750014692696383e-06
1.564601084670835201e-06
1.566448495075149393e-06
1.568294890812385885e-06
1.570145660994929606e-06
1.571988397269338364e-06
1.573829407170458523e-06
1.575665976392465134e-06
1.577504975493899914e-06
1.579336554182693677e-06
1.581162178595003817e-06
1.582981990543384364e-06
1.584802597923902300e-06
1.586607095772938305e-06
1.588400954971452110e-06
1.590190075028916363e-06
1.591973544671552627e-06
1.593746918378659757e-06
1.595502624955279949e-06
1.597249746353253996e-06
1.598982053072679316e-06
1.600712905193058179e-06
1.602418760605434349e-06
1.604116053921680819e-06
1.605796998257870137e-06
1.607464695049503365e-06
1.609121525254082380e-06
1.610755801559862699e-06
1.612384343494726395e-06
1.613987057207631790e-06
1.615574391021867638e-06
1.617132488088343473e-06
1.618683930237954003e-06
1.620213857750545878e-06
1.621723358191532676e-06
1.623215261535245798e-06
1.624682700712824826e-06
1.626132633539497610e-06
1.627556236720761671e-06
1.628954775758584227e-06
1.630334728847991854e-06
1.631690069089533560e-06
1.633030190568396701e-06
1.634330114406258535e-06
1.635604215183572155e-06
1.636863061945250541e-06
1.638083995540279649e-06
1.639277885931660277e-06
1.640445776332415994e-06
1.641597716985076086e-06
1.642712203708626144e-06
1.643791167649554073e-06
1.644839621659141510e-06
1.645871316409135247e-06
1.646859634857956456e-06
1.647820287497140925e-06
1.648749626531039269e-06
1.649646018940186573e-06
1.650512527179285252e-06
1.651342494701267216e-06
1.652135047443910700e-06
1.652899162541488696e-06
1.653622713601806799e-06
1.654313954758159277e-06
1.654972039288055511e-06
1.655591907477568028e-06
1.656189647454004524e-06
1.656736772160951865e-06
1.657245907230358838e-06
1.657724195170024521e-06
1.658159022473444691e-06
1.658562849328889455e-06
1.658915555036173499e-06
1.659242116942264464e-06
1.659528752249728670e-06
1.659773603238604773e-06
1.659971942133964465e-06
1.660138275344176622e-06
1.660262916871620363e-06
1.660350299332576728e-06
1.660396918879202262e-06
1.660398155224769718e-06
1.660365045991464303e-06
1.660296941304100530e-06
1.660175615165621155e-06
1.660014204094641800e-06
1.659821523046540240e-06
1.659583894606496957e-06
1.659301376807735122e-06
1.658982753551291742e-06
1.658624401149472928e-06
1.658224743264003581e-06
1.657779487932591379e-06
1.657298627751378145e-06
1.656776948315164426e-06
1.656215703152831657e-06
1.655609469104624258e-06
1.654967645438661511e-06
1.654286445035376378e-06
1.653567999128504636e-06
1.652803391325517298e-06
1.652005136289717050e-06
1.651167727686010391e-06
1.650295173293848713e-06
1.649382802168456341e-06
1.648425995377453262e-06
1.647436133695013392e-06
1.646411504404934093e-06
1.645348858142476169e-06
1.644243320468134448e-06
1.643107217139399194e-06
1.641935558849767730e-06
1.640730067285998484e-06
1.639482835593629092e-06
