1.441351024312851452e-05
1.441593350841293991e-05
1.441859415186692717e-05
1.442092654404888821e-05
1.442360944593907379e-05
1.442635202712498162e-05
1.442882000812031635e-05
1.443169447252022614e-05
1.443457536020019562e-05
1.443730511054554336e-05
1.444041365638090334e-05
1.444338639163201865e-05
1.444619545913757213e-05
1.444947220146023848e-05
1.445259969697708477e-05
1.445574330887607550e-05
1.445915224543191382e-05
1.446230982504061943e-05
1.446562649907321385e-05
1.446920809344252212e-05
1.447257692612168950e-05
1.447614488354700674e-05
1.447986055720464996e-05
1.448328397918070803e-05
1.448700337114078281e-05
1.449081864639733163e-05
1.449446248017068661e-05
1.449842440739019514e-05
1.450227911449627183e-05
1.450596637707575610e-05
1.451009022196239480e-05
1.451414455153069835e-05
1.451805363974615051e-05
1.452234438015887491e-05
1.452637724622630031e-05
1.453038305039157821e-05
1.453481836909853977e-05
1.453900840147463611e-05
1.454314838458571217e-05
1.454770740619680179e-05
1.455188921449969820e-05
1.455611345837228768e-05
1.456077368408658904e-05
1.456509108732773236e-05
1.456950563044906076e-05
1.457416350894854426e-05
1.457848379203931749e-05
1.458302828534727755e-05
1.458778935488289086e-05
1.459221007318288567e-05
1.459687555223463003e-05
1.460163531478805158e-05
1.460612735059317221e-05
1.461086554610498413e-05
1.461569919433539617e-05
1.462026786192910007e-05
1.462513708774841493e-05
1.462989350050673156e-05
1.463448712783119832e-05
1.463943381696548270e-05
1.464424763364831712e-05
1.464889070990500019e-05
1.465388867059490955e-05
1.465859403623064760e-05
1.466334037617604457e-05
1.466836619057944041e-05
1.467304636800255001e-05
1.467786535790052743e-05
1.468287981621978822e-05
1.468750152589369759e-05
1.469231557842911906e-05
1.469731470557238099e-05
1.470188500737229146e-05
1.470683427921128633e-05
1.471173160984795356e-05
1.471627359449460346e-05
1.472122432414199185e-05
1.472609255826343638e-05
1.473062895944013416e-05
1.473558274315297815e-05
1.474040223495522933e-05
1.474496686807421020e-05
1.474992650508490311e-05
1.475465231741638963e-05
1.475925613606094952e-05
1.476422725832157819e-05
1.476883418130803895e-05
1.477338602935210727e-05
1.477824803820310347e-05
1.478278816885512932e-05
1.478728875428816435e-05
1.479207166694461255e-05
1.479648230077327022e-05
1.480092578330191480e-05
1.480548225241030567e-05
1.480982881047060406e-05
1.481425743186320285e-05
1.481873475663633305e-05
1.482289491563387824e-05
1.482721312163315686e-05
1.483152151408708696e-05
1.483562089198188437e-05
1.483987792500870524e-05
1.484401320859878299e-05
1.484796912862050225e-05
1.485211914277412527e-05
1.485602333646909076e-05
1.485996804820619085e-05
1.486400506071264741e-05
1.486778330033875575e-05
1.487153130541741211e-05
1.487540424741419294e-05
1.487902609494847549e-05
1.488264266358293813e-05
1.488643304935326295e-05
1.488980095482638992e-05
1.489321604849487112e-05
1.489675515184381664e-05
1.490000833958884749e-05
1.490323599669392879e-05
1.490658253311582306e-05
1.490961407515956138e-05
1.491265418901506799e-05
1.491573912101374238e-05
1.491865466156654959e-05
1.492150217966093108e-05
1.492444266237960603e-05
1.492705137822461133e-05
1.492973661022810428e-05
1.493244103613273997e-05
1.493492900960238148e-05
1.493735165541420079e-05
1.493982688733967070e-05
1.494213975860481378e-05
1.494432540753257086e-05
1.494657756036376602e-05
1.494870010141186804e-05
1.495067829240737318e-05
1.495272865123697172e-05
1.495456711730310818e-05
1.495630505751558841e-05
1.495812935967271131e-05
1.495983135004969618e-05
1.496127152010740234e-05
1.496279978875825859e-05
1.496427146972976185e-05
1.496554698463496754e-05
1.496681420141904134e-05
1.496803391572470358e-05
1.496902126160244382e-05
1.497007223752197645e-05
1.497107762112503534e-05
1.497183284758845221e-05
1.497258847057396510e-05
1.497342457688699667e-05
1.497389883451376329e-05
1.497440229412449034e-05
1.497502737073570122e-05
1.497524025758720646e-05
1.497546554616399170e-05
1.497584347576814802e-05
1.497578451899476883e-05
1.497584607303847604e-05
1.497597236301314603e-05
1.497566572924094966e-05
1.497538721325409030e-05
1.497528012171800844e-05
1.497475643371491868e-05
1.497433798201084527e-05
1.497396379151756737e-05
1.497314531814795391e-05
1.497246424865263986e-05
1.497176914681992202e-05
1.497084623356616379e-05
1.496999491562605402e-05
1.496900876876373890e-05
1.496777050465601836e-05
1.496664783177631540e-05
1.496549775041864244e-05
1.496418408043096663e-05
1.496286974417056773e-05
1.496136735757656313e-05
1.495983234362754767e-05
1.495831199763712357e-05
1.495663868496987836e-05
1.495507297216110140e-05
1.495332700670609383e-05
1.495133419972574076e-05
1.494952044625013775e-05
1.494757638950963902e-05
1.494540086137836764e-05
1.494361061269365510e-05
1.494141929620734298e-05
1.493888389142202266e-05
1.493689244221319013e-05
1.493449354503102904e-05
1.493186880255812297e-05
1.492982244411784036e-05
1.492721584806586093e-05
1.492431022423482317e-05
1.492210126519969359e-05
1.491940165880955229e-05
1.491647462425853785e-05
1.491419436903768839e-05
1.491126366697314597e-05
1.490807873121128863e-05
1.490567427130569061e-05
1.490269529816154543e-05
1.489950926971349639e-05
1.489695387879260646e-05
1.489370739066840570e-05
1.489038082095658318e-05
1.488773695805128722e-05
1.488449281401309676e-05
1.488109183283623723e-05
1.487827816198187572e-05
1.487479757618760675e-05
1.487135577462559261e-05
1.486847952475868897e-05
1.486493923141529886e-05
1.486144295249777975e-05
1.485836879059937617e-05
1.485462474180125580e-05
1.485107106502309219e-05
1.484789142613504139e-05
1.484422407517178197e-05
1.484061816312892749e-05
1.483726072955123080e-05
1.483341175965204186e-05
1.482988563339480287e-05
1.482651768385778363e-05
1.482274065959130076e-05
1.481918144720311306e-05
1.481563671275190210e-05
1.481178469408134731e-05
1.480830980687627205e-05
1.480478314172144575e-05
1.480095425213971459e-05
1.479747835634739281e-05
1.479377091450298243e-05
1.478993119087675227e-05
1.478660155278158836e-05
1.478284304533608946e-05
1.477908472666397849e-05
1.477573883003416537e-05
1.477183644579046357e-05
1.476806953195023186e-05
1.476482073466971137e-05
1.476096488586335802e-05
1.475722600871337309e-05
1.475396735656400055e-05
1.474998670670904204e-05
1.474628892852926369e-05
1.474315626165909178e-05
1.473918506044334283e-05
1.473558026845797207e-05
1.473249414497174236e-05
1.472846865350015114e-05
1.472494586569220218e-05
1.472197759438246636e-05
1.471804777343123117e-05
1.471455756887446488e-05
1.471157073278675387e-05
1.470761635259045612e-05
1.470424175493331958e-05
1.470141176533604145e-05
1.469748220378184129e-05
1.469422208167620314e-05
1.469135809888225840e-05
1.468745795766662112e-05
1.468435708989226286e-05
1.468159754464443850e-05
1.467777858230153941e-05
1.467473731912867345e-05
1.467190682717822967e-05
1.466819190254788640e-05
1.466527026057032774e-05
1.466253693056150125e-05
1.465893863909719410e-05
1.465608028613308837e-05
1.465330005200162348e-05
1.464979245336060686e-05
1.464708752775083042e-05
1.464435006611098911e-05
1.464110606559855220e-05
1.463846405971786283e-05
1.463571605432012796e-05
1.463253601616196400e-05
1.463006310176747431e-05
1.462739498570495994e-05
1.462447407077335937e-05
1.462206457974958317e-05
1.461944642543708373e-05
1.461660648138118691e-05
1.461438047190190648e-05
1.461188332860715354e-05
1.460927251199184081e-05
1.460711761453690372e-05
1.460460023111975732e-05
1.460218462957880702e-05
1.460016555954523902e-05
1.459778018386511120e-05
1.459557654532533308e-05
1.459368412495044480e-05
1.459129154910246315e-05
1.458927884703998530e-05
1.458754758381071388e-05
1.458524659934980161e-05
1.458343967468011295e-05
1.458177864831086907e-05
1.457948185156227258e-05
1.457780336745472163e-05
1.457640172595106904e-05
1.457421857310536124e-05
1.457272492916950606e-05
1.457138864435902491e-05
1.456927420024301715e-05
1.456792668003763463e-05
1.456678512338868177e-05
1.456487906861524320e-05
1.456364340895289736e-05
1.456260356217520297e-05
1.456075304917530854e-05
1.455976905786675930e-05
1.455889514228919909e-05
1.455715948321441689e-05
1.455630290759767358e-05
1.455552282711368847e-05
1.455390380688361899e-05
1.455322674810136856e-05
1.455260056955613310e-05
1.455119952286073908e-05
1.455062224686466022e-05
1.455003128398897418e-05
1.454877745763098556e-05
1.454836179332049706e-05
1.454792218023846568e-05
1.454681115482892996e-05
1.454648661049718622e-05
1.454619846763867153e-05
1.454530061545113028e-05
1.454512000089242926e-05
1.454489960121003791e-05
1.454419257557481888e-05
1.454412885607150215e-05
1.454397126086697331e-05
1.454358587676383735e-05
1.454371775122152442e-05
1.454368050533899200e-05
1.454345117574033918e-05
1.454368200234850569e-05
1.454386805086689389e-05
1.454385451950871240e-05
1.454429679662944844e-05
1.454451588286209409e-05
1.454467722693424688e-05
1.454520683959139080e-05
1.454552639057026930e-05
1.454602192253136394e-05
1.454672373648870383e-05
1.454705735790885812e-05
1.454774036647268140e-05
1.454860366929552768e-05
1.454906193954683713e-05
1.454991571005189416e-05
1.455096774464460731e-05
1.455142422649537168e-05
1.455241249328528927e-05
1.455353984844241229e-05
1.455409288873009725e-05
1.455519545716319268e-05
1.455651320297630682e-05
1.455710444311708457e-05
1.455835757964372618e-05
1.455985522953507097e-05
1.456064562446587944e-05
1.456205310842967062e-05
1.456365934613260271e-05
1.456457359913590973e-05
1.456613807258660696e-05
1.456798797307723966e-05
1.456892861214566637e-05
1.457066232586174731e-05
1.457257504258327020e-05
1.457367524743706096e-05
1.457550111559862906e-05
1.457755324300657710e-05
1.457880424129127822e-05
1.458066115218835187e-05
1.458279219110665553e-05
1.458416736251636742e-05
1.458612017849559402e-05
1.458840136530582181e-05
1.458982736017062440e-05
1.459177859105809264e-05
1.459404400678468298e-05
1.459561693953611955e-05
1.459767693980176275e-05
1.460007560352371359e-05
1.460171097279148187e-05
1.460373423459089434e-05
1.460611234373881623e-05
1.460789337685150109e-05
1.461008884315722749e-05
1.461254093267605437e-05
1.461440943393420451e-05
1.461655144223971773e-05
1.461899030460543089e-05
1.462102021014561058e-05
1.462342790920859621e-05
1.462588910685719066e-05
1.462792272569813844e-05
1.463027661696199418e-05
1.463274036923557247e-05
1.463488961318742781e-05
1.463746529628027933e-05
1.463990000737387095e-05
1.464201290448735223e-05
1.464445204355241194e-05
1.464683620442566935e-05
1.464902553505783778e-05
1.465165794167836714e-05
1.465394721029050895e-05
1.465596770126635416e-05
1.465844674469664677e-05
1.466064138714621586e-05
1.466274971159106789e-05
1.466531330440929478e-05
1.466739405314647898e-05
1.466932583625640493e-05
1.467175333704058844e-05
1.467379191346652437e-05
1.467575239919970577e-05
1.467830452346004660e-05
1.468022149879258601e-05
1.468196809331262756e-05
1.468434731233434746e-05
1.468625955275268123e-05
1.468802731137998691e-05
1.469041389291982356e-05
1.469219005252329911e-05
1.469369848362018072e-05
1.469591956382665768e-05
1.469762932392558452e-05
1.469912580624967929e-05
1.470126790780017245e-05
1.470277258796871077e-05
1.470400100370335127e-05
1.470593478962959279e-05
1.470730360481222978e-05
1.470850236233339531e-05
1.471024440640215656e-05
1.471134638022696605e-05
1.471227723479063659e-05
1.471378195393001901e-05
1.471474161825444266e-05
1.471559229060596394e-05
1.471685148932923850e-05
1.471751815951922487e-05
1.471806827827226103e-05
1.471909555327475937e-05
1.471957144685786865e-05
1.472009823547907204e-05
1.472081883034668006e-05
1.472098497101865672e-05
1.472130292882800649e-05
1.472182254403371091e-05
1.472180836115189965e-05
1.472202335634132829e-05
1.472226934187551286e-05
1.472193298539749322e-05
1.472189988248568511e-05
1.472190632547538834e-05
1.472133603864996189e-05
1.472110998147436732e-05
1.472074351950102628e-05
1.471980733240146312e-05
1.471932823724742476e-05
1.471871090858064232e-05
1.471747089581279259e-05
1.471664305188283305e-05
1.471570483200876609e-05
1.471410598043151962e-05
1.471299412054074864e-05
1.471182817506038385e-05
1.470990725302220955e-05
1.470844192434091096e-05
1.470690920823096567e-05
1.470470613231877896e-05
1.470296945694092723e-05
1.470123121736357450e-05
1.469872597910955343e-05
1.469659909963457108e-05
1.469447108899411326e-05
1.469165307539498545e-05
1.468934002472601781e-05
1.468694952437000222e-05
1.468380932324495173e-05
1.468109048281446021e-05
1.467788406139340381e-05
