6.118821451547039040e-06
6.123159051505902171e-06
6.127441876118699654e-06
6.131587608379406201e-06
6.135712630699951440e-06
6.139725362849796973e-06
6.143645588637691000e-06
6.147412007608755633e-06
6.151119975582238167e-06
6.154729725179931673e-06
6.158226865837330302e-06
6.161618117253584703e-06
6.164871257873405603e-06
6.168015067318630697e-06
6.171082163837211466e-06
6.174021946319983085e-06
6.176797248739841839e-06
6.179568898716459991e-06
6.182230632001314616e-06
6.184831182683579611e-06
6.187303519163572851e-06
6.189753564609162504e-06
6.192138636875104831e-06
6.194409695194185324e-06
6.196629321264616533e-06
6.198655781531421743e-06
6.200617180077401487e-06
6.202503222200183056e-06
6.204226365216428418e-06
6.205809655877993616e-06
6.207327474666206851e-06
6.208771415959665380e-06
6.210111377861767223e-06
6.211325488557289510e-06
6.212469777695262617e-06
6.213571480534399003e-06
6.214595796818431363e-06
6.215432554248573635e-06
6.216239333361085214e-06
6.216951638715552311e-06
6.217558785692673346e-06
6.218054982141153154e-06
6.218415390553135986e-06
6.218749386715935606e-06
6.219004562282634897e-06
6.219207481886017668e-06
6.219297913652591721e-06
6.219391571450616587e-06
6.219441056788142952e-06
6.219397232101076683e-06
6.219261996370004850e-06
6.219106120457401664e-06
6.218853851988504672e-06
6.218494879269619484e-06
6.218055974195792071e-06
6.217486567609501461e-06
6.216872502902583193e-06
6.216200047070923493e-06
6.215458357039509495e-06
6.214545429376921093e-06
6.213632236256442341e-06
6.212633470954905240e-06
6.211585231460470254e-06
6.210402251567051802e-06
6.209204105672235577e-06
6.207960453411719117e-06
6.206675627340358174e-06
6.205223694719913717e-06
6.203794885115568096e-06
6.202302679283275745e-06
6.200764724798906583e-06
6.199159426795101218e-06
6.197444435767503846e-06
6.195745789892614973e-06
6.194003276181687649e-06
6.192149092669764375e-06
6.190248139972632546e-06
6.188316574091698822e-06
6.186377088432911416e-06
6.184365224262296969e-06
6.182229567431737003e-06
6.180142697660290670e-06
6.177992528342051359e-06
6.175804508827668146e-06
6.173529511468844025e-06
6.171248629284220633e-06
6.168978494134724671e-06
6.166645023573505592e-06
6.164303195252925995e-06
6.161880622865317468e-06
6.159479387487637651e-06
6.157082277588046557e-06
6.154647185483503212e-06
6.152150988782838676e-06
6.149659694874062059e-06
6.147173420310268935e-06
6.144637435326245708e-06
6.142043012947030673e-06
6.139492778922837419e-06
6.136911920887896036e-06
6.134367629038102374e-06
6.131799963119783449e-06
6.129174048238009903e-06
6.126597098531191497e-06
6.124052695926288527e-06
6.121522237112839030e-06
6.118941397565880805e-06
6.116469166553102319e-06
6.113968872369015818e-06
6.111523475008518168e-06
6.109024085654913481e-06
6.106657376629862045e-06
6.104293672335675837e-06
6.101934266750767199e-06
6.099632783830861424e-06
6.097375633839935099e-06
6.095203794596313415e-06
6.093062098332312725e-06
6.090970029083712497e-06
6.088967309972400131e-06
6.087013077201687248e-06
6.085159172073516011e-06
6.083394631483720788e-06
6.081615764703871189e-06
6.080022678869776329e-06
6.078520817109005447e-06
6.077099911856125009e-06
6.075720904894697750e-06
6.074483581417705486e-06
6.073361442058168981e-06
6.072335748615094943e-06
6.071381468792506173e-06
6.070558279941089089e-06
6.069880113955961669e-06
6.069333269453647069e-06
6.068884846450855218e-06
6.068548303490442234e-06
6.068383466950788713e-06
6.068353942192618891e-06
6.068490004695206693e-06
6.068700435097067444e-06
6.069122012306149748e-06
6.069676918618489068e-06
6.070392141586280327e-06
6.071220669973664277e-06
6.072236123163505233e-06
6.073415838032356885e-06
6.074761943673001945e-06
6.076286189552853683e-06
6.077949105618989240e-06
6.079806599495381835e-06
6.081834816111804146e-06
6.084015337881570451e-06
6.086337687797077152e-06
6.088887193564784495e-06
6.091595487089486152e-06
6.094474042565875094e-06
6.097475118834375961e-06
6.100682055338255522e-06
6.104060515248143968e-06
6.107610018708866946e-06
6.111272756281873190e-06
6.115153899087743373e-06
6.119169956138076184e-06
6.123373203708211014e-06
6.127738192761199979e-06
6.132213809679419457e-06
6.136915358561668050e-06
6.141727780865261493e-06
6.146747463041833120e-06
6.151843181325861999e-06
6.157114802426590360e-06
6.162566537974429386e-06
6.168140109533907724e-06
6.173826833134349069e-06
6.179695977132900752e-06
6.185691096576605624e-06
6.191849745351024094e-06
6.198065399644165544e-06
6.204470332121944803e-06
6.211020884673126353e-06
6.217675111449335541e-06
6.224473203951549788e-06
6.231322702463375657e-06
6.238362134447199015e-06
6.245517921911191312e-06
6.252780077874648047e-06
6.260116553877613178e-06
6.267589735163807345e-06
6.275199967167690562e-06
6.282903331031508704e-06
6.290668906928200134e-06
6.298567758722346593e-06
6.306557980850072457e-06
6.314659511782036780e-06
6.322827652907348243e-06
6.331100333137898317e-06
6.339461893712580630e-06
6.347900999027214906e-06
6.356445079722403459e-06
6.365011051880115941e-06
6.373685872241793238e-06
6.382465197458529583e-06
6.391287337871333713e-06
6.400156392028696139e-06
6.409133193741190033e-06
6.418183606332583094e-06
6.427278357141024647e-06
6.436384798764764053e-06
6.445596314593656312e-06
6.454879618742421193e-06
6.464184873124216911e-06
6.473509674795869707e-06
6.482910196887179282e-06
6.492328274788631237e-06
6.501832055655788231e-06
6.511352547899777640e-06
6.520860181415382398e-06
6.530455971833715938e-06
6.540097680387169781e-06
6.549763955396304019e-06
6.559430225676964073e-06
6.569150187039663556e-06
6.578920440056370307e-06
6.588691283718791260e-06
6.598457436492441857e-06
6.608284873954449834e-06
6.618103518106558074e-06
6.627934227595406841e-06
6.637723218055675623e-06
6.647588405013113627e-06
6.657444447774144883e-06
6.667285535135464534e-06
6.677177244006818861e-06
6.686987849559168759e-06
6.696857056073623537e-06
6.706745740951123129e-06
6.716612178503565443e-06
6.726449399958541268e-06
6.736339951644800405e-06
6.746198961003261746e-06
6.756057611873174149e-06
6.765870518703323519e-06
6.775735120318607747e-06
6.785593242341443782e-06
6.795414126662286570e-06
6.805199047707475072e-06
6.815000679619190825e-06
6.824833503144625320e-06
6.834613728761345821e-06
6.844411049324013623e-06
6.854156501091803998e-06
6.863912713137175609e-06
6.873657949145745327e-06
6.883355161657123402e-06
6.892987052707136930e-06
6.902632196284482893e-06
6.912218244732901373e-06
6.921830486010025693e-06
6.931280357527478574e-06
6.940807608550917181e-06
6.950275464081698988e-06
6.959685678475397637e-06
6.969033027582988377e-06
6.978384449152425897e-06
6.987726400496763729e-06
6.996981593246997904e-06
7.006186060685938908e-06
7.015303996400467942e-06
7.024414024582602051e-06
7.033481824970012608e-06
7.042482637714609859e-06
7.051384368435239401e-06
7.060307236170296366e-06
7.069154024219409585e-06
7.077928689350799350e-06
7.086594213200702042e-06
7.095263435775525673e-06
7.103873833317478244e-06
7.112414561743215151e-06
7.120824931902428466e-06
7.129254916681508325e-06
7.137620567195649183e-06
7.145912025220466108e-06
7.154157398789869113e-06
7.162272241299983085e-06
7.170393201350018787e-06
7.178460476822417487e-06
7.186415509308741563e-06
7.194275484842820964e-06
7.202113682295530978e-06
7.209874245428603601e-06
7.217549913875684726e-06
7.225070606125393029e-06
7.232616929861321446e-06
7.240070076926420068e-06
7.247440123355974299e-06
7.254682480307949150e-06
7.261906434696373026e-06
7.269068788377626199e-06
7.276165488233750662e-06
7.283139776641242973e-06
7.289999287373557767e-06
7.296848229287293773e-06
7.303597268724623646e-06
7.310271570596468018e-06
7.316780527715167032e-06
7.323279540270869854e-06
7.329720909811229533e-06
7.336054717897156023e-06
7.342248938741219101e-06
7.348416617572620799e-06
7.354522501423906792e-06
7.360556252949941949e-06
7.366396040481641920e-06
7.372234290289947839e-06
7.377988252004366956e-06
7.383654157117593336e-06
7.389208962253722390e-06
7.394597657447608392e-06
7.399971759078240463e-06
7.405256667986355995e-06
7.410424650814806387e-06
7.415426206909764800e-06
7.420407876359276134e-06
7.425311120112996288e-06
7.430104038331776722e-06
7.434744297645061552e-06
7.439336895257425782e-06
7.443858212768857344e-06
7.448285851780926193e-06
7.452549420004993604e-06
7.456778942864157802e-06
7.460913450022937955e-06
7.464964626741301956e-06
7.468930729143183881e-06
7.472701529893768393e-06
7.476447566511744346e-06
7.480132776679205291e-06
7.483697322048901169e-06
7.487133497382196224e-06
7.490483565840974224e-06
7.493799670926669300e-06
7.497036554197709140e-06
7.500093222960635910e-06
7.503127254877822779e-06
7.506093370874263677e-06
7.508993693013446976e-06
7.511750138836212934e-06
7.514425033189364450e-06
7.517051444788770672e-06
7.519618897049330577e-06
7.522079818119782955e-06
7.524399186896222397e-06
7.526663624503046565e-06
7.528851038443943184e-06
7.530961673686775762e-06
7.532894772758597204e-06
7.534818804453444130e-06
7.536683451092434573e-06
7.538463237095017889e-06
7.540091935224660342e-06
7.541682601118137409e-06
7.543195179030119250e-06
7.544634260985980996e-06
7.545973332131396491e-06
7.547250957192311642e-06
7.548459362447010195e-06
7.549612285345278675e-06
7.550604143046795674e-06
7.551623575934536015e-06
7.552507944880589133e-06
7.553345933808119228e-06
7.554118536384178277e-06
7.554797606554660114e-06
7.555395049184791935e-06
7.555922186566509777e-06
7.556413885158716666e-06
7.556781940427439438e-06
7.557139557031057581e-06
7.557409159329631905e-06
7.557639546873578488e-06
7.557796153437810791e-06
7.557941056157803878e-06
7.557969586394641009e-06
7.557954670765946050e-06
7.557879241194839247e-06
7.557767877451273876e-06
7.557624786370176464e-06
7.557382398894535981e-06
7.557125235934479981e-06
7.556750848393917555e-06
7.556320177604910064e-06
7.555874758046756288e-06
7.555416734872154719e-06
7.554850569541032153e-06
7.554257694125119354e-06
7.553653403482079321e-06
7.552966816601154793e-06
7.552280878551100787e-06
7.551534429241543187e-06
7.550780869177580182e-06
7.549988979878865789e-06
7.549102190274851145e-06
7.548269815295244018e-06
7.547377458359524947e-06
7.546485323852199737e-06
7.545541328427205303e-06
7.544581398307339354e-06
7.543616248346457376e-06
7.542645303411980005e-06
7.541643491150267281e-06
7.540644197535364191e-06
7.539651960658515821e-06
7.538677436946777239e-06
7.537668124909181285e-06
7.536631523743504426e-06
7.535629423150649903e-06
7.534613069228093807e-06
7.533603637418434831e-06
7.532577519007304782e-06
7.531587620829725954e-06
7.530609006548581953e-06
7.529639958881031345e-06
7.528636358621144691e-06
7.527705371325945951e-06
7.526849709393745264e-06
7.525987551931373578e-06
7.525162909316889839e-06
7.524296264519025478e-06
7.523543856830266672e-06
7.522806954429496338e-06
7.522114403784804182e-06
7.521429316629813610e-06
7.520846101907081972e-06
7.520304217275247769e-06
7.519854205286246732e-06
7.519384182190121587e-06
7.519005744491573884e-06
7.518695084748717901e-06
7.518444451245359480e-06
7.518242933959351276e-06
7.518183071554363975e-06
7.518183744790171389e-06
7.518260432447860323e-06
7.518428624155566445e-06
7.518615716451185804e-06
7.518973626376439408e-06
7.519421125664003349e-06
7.519943350047317496e-06
7.520487320751051400e-06
7.521208557376363527e-06
7.522048902428400341e-06
7.522970997330896327e-06
7.523930642633902577e-06
7.525029261925281114e-06
7.526207929636351611e-06
7.527574803934829512e-06
7.528982969353629255e-06
7.530495207103449216e-06
7.532170577351823562e-06
7.533969905328097984e-06
7.535866734435301196e-06
7.537852730938395317e-06
7.539985813918348793e-06
7.542237368595936382e-06
7.544642411716426764e-06
7.547036402639866932e-06
7.549664168833293589e-06
7.552415867337983890e-06
7.555264038830579856e-06
7.558189178753403018e-06
7.561330520636683848e-06
7.564532983553450542e-06
7.567943644720037641e-06
7.571352580051586405e-06
7.574940225072627790e-06
7.578695046419002626e-06
7.582518403822793176e-06
7.586468730791946143e-06
7.590513864799143293e-06
7.594734965068026054e-06
7.599068676474884038e-06
7.603486474903657081e-06
7.607998825670183603e-06
7.612652661397705780e-06
7.617454661904292462e-06
7.622363724058516615e-06
7.627314774706762840e-06
7.632444270444491388e-06
7.637693013534306384e-06
7.643051017251190388e-06
7.648469759968807284e-06
7.654056426548903848e-06
7.659725347593495924e-06
7.665509966370495247e-06
7.671385388914615038e-06
7.677381745655578645e-06
7.683478716503406588e-06
7.689684724455026420e-06
7.695999754978476626e-06
7.702367070620825515e-06
7.708846576020177350e-06
7.715442429764795713e-06
7.722119520572368767e-06
7.728858001871790270e-06
7.735723310400223455e-06
7.742658508573934539e-06
7.749701774177221713e-06
7.756793628525920396e-06
7.764009241649611243e-06
7.771277617036227646e-06
7.778639623587463723e-06
7.786032886083460425e-06
7.793522976373505449e-06
7.801066399204584212e-06
7.808668800751723731e-06
7.816297165393347500e-06
7.824018713691544360e-06
7.831809228467435279e-06
7.839642722455747819e-06
7.847497602139039846e-06
7.855395450818302870e-06
7.863387418832296118e-06
7.871419337072725278e-06
7.879480445079609885e-06
7.887527094310148421e-06
7.895683417438735901e-06
7.903858726143855239e-06
7.912059571723974315e-06
7.920255230216527686e-06
7.928522237708692636e-06
7.936829248417364663e-06
7.945161514494998128e-06
7.953451404917004291e-06
7.961838981616715794e-06
7.970271627680798753e-06
7.978688585288256258e-06
7.987097779346282139e-06
7.995556927180624138e-06
8.004039150496355243e-06
8.012526970360571069e-06
8.021025275279056955e-06
8.029456337274078960e-06
8.037974150122729558e-06
8.046498069295639530e-06
8.055008907931282419e-06
8.063449044542586632e-06
8.071963120453040668e-06
8.080485840396973274e-06
8.088995591118796125e-06
8.097441538548128871e-06
8.105925161891015002e-06
8.114410948703930208e-06
8.122904677266999717e-06
8.131300804445509186e-06
8.139728800540439675e-06
8.148163726512232266e-06
8.156568542414220703e-06
8.164947258307564935e-06
8.173238774082453777e-06
8.181564531175036738e-06
8.189861691336120655e-06
8.198112204818263607e-06
8.206266728145359435e-06
8.214446587910071026e-06
8.222592783683428986e-06
8.230689609477582298e-06
8.238699242587351279e-06
8.246707814828591277e-06
8.254684859844236210e-06
8.262632708806921651e-06
8.270461381378429165e-06
8.278302668604190238e-06
8.286082311322840737e-06
8.293813071323381708e-06
8.301442479637457812e-06
8.309027486206815326e-06
8.316545017201537141e-06
8.324029802859143562e-06
8.331429806113900828e-06
8.338684860740293265e-06
8.345928980876725359e-06
8.353098805401114484e-06
8.360236472624315134e-06
8.367213972822815833e-06
8.374160257826489379e-06
8.381065887831640375e-06
8.387880725205111617e-06
8.394567218373168353e-06
8.401215225816904608e-06
8.407781366748488873e-06
8.414293596140860854e-06
8.420654146188992544e-06
8.426990615075285456e-06
8.433252239932258302e-06
8.439410905076322007e-06
8.445433972972203721e-06
8.451437364266545704e-06
8.457325593293378639e-06
8.463145062603559789e-06
8.468864655921232753e-06
8.474457159574287545e-06
8.480014530510287480e-06
8.485467906017692561e-06
8.490849113196245515e-06
8.496089603203118860e-06
8.501300513228093994e-06
8.506443690392111325e-06
8.511460807684477557e-06
8.516319951585654829e-06
8.521152220084659824e-06
8.525866700093248890e-06
8.530470751279875982e-06
8.534893688703083285e-06
8.539276999838376082e-06
8.543559276253561756e-06
8.547720272937203178e-06
8.551742332578765371e-06
8.555690167457972610e-06
8.559556942708330504e-06
8.563308837522700225e-06
8.566952372098070231e-06
8.570437514699822494e-06
8.573859395417436857e-06
8.577160032628492180e-06
8.580368971335127986e-06
8.583394049371175519e-06
8.586356277220132184e-06
8.589233783475300795e-06
8.591991732920746983e-06
8.594581163242873370e-06
8.597117738211086538e-06
8.599553357115205694e-06
8.601902058828257846e-06
8.604089028517980905e-06
8.606187129544543162e-06
8.608220669570245797e-06
8.610148349148519494e-06
8.611943852628642354e-06
8.613574039404366280e-06
8.615162030165092463e-06
8.616639381924282598e-06
8.617978851635779491e-06
8.619165750079112932e-06
8.620324734884077524e-06
8.621355934403005335e-06
8.622293054619836706e-06
8.623066126104477085e-06
8.623825695833782021e-06
8.624468655272861161e-06
8.624996175588942645e-06
8.625397881125812212e-06
8.625745395034891704e-06
8.626011842899414787e-06
8.626180132005396471e-06
8.626177304877638295e-06
8.626172751246313406e-06
8.626050006256497248e-06
8.625830342745073704e-06
8.625547715454453735e-06
8.625090936394546210e-06
8.624610306259347393e-06
8.624037787063379131e-06
8.623388239763299186e-06
8.622629184656979318e-06
8.621783742406676483e-06
8.620904638184754832e-06
8.619968845102241972e-06
8.618871995191695337e-06
8.617779114272489799e-06
8.616605845999391025e-06
8.615379816203778523e-06
8.614019935066441290e-06
8.612620128407801986e-06
8.611156332429731385e-06
8.609602793002045566e-06
8.607930774140374775e-06
8.606232693914843632e-06
8.604458243101631025e-06
8.602626846940506202e-06
8.600745303027553340e-06
8.598713850711909584e-06
8.596708740982447408e-06
8.594636875642180449e-06
8.592504572184955959e-06
8.590275735852266246e-06
8.588033519688923151e-06
8.585758363003306683e-06
8.583412475801558602e-06
8.580973402029959087e-06
8.578524108383848971e-06
8.576075919238012376e-06
8.573529120950093902e-06
8.570921188588636821e-06
8.568354235111606010e-06
8.565716667400266691e-06
8.563081205086491086e-06
8.560377657292993751e-06
8.557656864611026321e-06
8.554963172433516612e-06
8.552203077865025709e-06
8.549410818303736597e-06
8.546591457959075368e-06
8.543729131443901108e-06
8.540877834886628875e-06
8.538027497832931055e-06
8.535084359088911715e-06
8.532186771853236403e-06
8.529233776144448052e-06
8.526304696158086091e-06
8.523345075194141985e-06
8.520406792720319205e-06
8.517480971817930466e-06
8.514555344958624856e-06
8.511556211593241162e-06
8.508614773150844138e-06
8.505711097734326384e-06
8.502790146175555810e-06
8.499882637422141043e-06
8.496964462249503050e-06
8.494104329957657620e-06
8.491237499871925431e-06
8.488373893442295161e-06
8.485503083351247379e-06
8.482728010855326113e-06
8.479924461786151200e-06
8.477213918778324814e-06
8.474416691233496707e-06
8.471722871976502978e-06
8.469094393102756356e-06
8.466489942668156847e-06
8.463851525715878997e-06
8.461335099485278879e-06
8.458885262609455163e-06
8.456444783455246722e-06
8.453996395349626001e-06
8.451661903779608581e-06
8.449365316181788429e-06
8.447109303851267642e-06
8.444872870134596370e-06
8.442718151360182081e-06
8.440657939580530468e-06
8.438625558506387364e-06
8.436668163303021663e-06
8.434713301613585345e-06
8.432910752631043159e-06
8.431129638663684820e-06
8.429452194224236247e-06
8.427826845163959200e-06
8.426289971943211259e-06
8.424836311059916892e-06
8.423474247776673496e-06
8.422156204252090100e-06
8.420945860756142123e-06
8.419820306359003073e-06
8.418792704732438260e-06
8.417866787181778587e-06
8.417012121563060360e-06
8.416269179014080549e-06
8.415639341790780465e-06
8.415073159340324130e-06
8.414647381102824408e-06
8.414327257794198568e-06
8.414099811837388518e-06
8.413996249748848788e-06
8.413952088273655259e-06
8.414050455930916311e-06
8.414250320097003323e-06
8.414566199690220650e-06
8.414953997234868468e-06
8.415502910446941075e-06
8.416152482086395868e-06
8.416933019094305541e-06
8.417781260988239586e-06
8.418792867327652924e-06
8.419925858239850979e-06
8.421164329834134789e-06
8.422496936844574159e-06
8.423999968138455195e-06
8.425615209360663097e-06
8.427365068089815039e-06
8.429183090900717025e-06
8.431169968984266857e-06
8.433301642015216131e-06
8.435528507199126569e-06
8.437894696869990461e-06
8.440349352817356072e-06
8.442965689202099351e-06
8.445710401238001243e-06
8.448574920082416691e-06
8.451530351983898204e-06
8.454659142701517706e-06
8.457924531715127147e-06
8.461314501738041589e-06
8.464793340228164229e-06
8.468439519189488882e-06
8.472231830932114459e-06
8.476137269042312289e-06
8.480142575652439293e-06
8.484298414007387598e-06
8.488583738990170094e-06
8.492999952477160421e-06
8.497497350735336703e-06
8.502145564375868320e-06
8.506908772805425715e-06
8.511811516880211470e-06
8.516787966229640055e-06
8.521913406058629313e-06
8.527160204049141805e-06
8.532524360733726517e-06
8.538016970705848409e-06
8.543568203596842064e-06
8.549268784568231933e-06
8.555085901156730786e-06
8.561011987330605677e-06
8.566995768473161278e-06
8.573127790603962797e-06
8.579357467162763680e-06
8.585704173431783954e-06
8.592123676785621563e-06
8.598640996545848559e-06
8.605269280539037325e-06
8.612028032382464094e-06
8.618836331680839301e-06
8.625731029032514274e-06
8.632772102706190404e-06
8.639889102037200550e-06
8.647023991425144325e-06
8.654286868545997961e-06
8.661639756659029760e-06
8.669079579558676115e-06
8.676605885453693854e-06
8.684138195092325912e-06
8.691809738302577013e-06
8.699544015992235137e-06
8.707357907083227488e-06
8.715181796419632445e-06
8.723123509533671426e-06
8.731138502592753069e-06
8.739194638682528497e-06
8.747335267071899769e-06
8.755519977959825770e-06
8.763777406991329506e-06
8.772141982157644137e-06
8.780467041674695010e-06
8.788888468759995152e-06
8.797397707490464352e-06
8.805937583884858373e-06
8.814514556829911788e-06
8.823173617157925884e-06
8.831897147276091250e-06
8.840650736928862185e-06
8.849492534834253716e-06
8.858290797420056271e-06
8.867195190097244584e-06
8.876118197683106098e-06
8.885102389422517766e-06
8.894074740134667607e-06
8.903104954397436660e-06
8.912165629073600946e-06
8.921276301565067470e-06
8.930331189309274838e-06
8.939427544317453002e-06
8.948608551220630446e-06
8.957794733127991206e-06
8.966925076834050874e-06
8.976129749085421305e-06
8.985359210748422674e-06
8.994582906213827397e-06
9.003758768968964633e-06
9.012998275072029700e-06
9.022214679396322673e-06
9.031476594109442014e-06
9.040717788289505958e-06
9.049907955549159105e-06
9.059110739494006875e-06
9.068328042785940628e-06
9.077545372081972209e-06
9.086667807762636672e-06
9.095868211761046830e-06
9.105033330492762748e-06
9.114179444677307336e-06
9.123249448365227022e-06
9.132388434865117296e-06
9.141491237722174291e-06
9.150582127575231263e-06
9.159588467245659171e-06
9.168637142518872086e-06
9.177641885879547385e-06
9.186634978451732722e-06
9.195545843130571663e-06
9.204466976494718258e-06
9.213354650092104865e-06
9.222191622927978675e-06
9.230928173872987331e-06
9.239687553519297138e-06
9.248417833570857048e-06
9.257094547335634768e-06
9.265742664738707427e-06
9.274283960478450504e-06
9.282865560267017073e-06
9.291367947887261482e-06
9.299853343098361220e-06
9.308231459990882822e-06
9.316594650806692739e-06
9.324924267651023922e-06
9.333213421243683903e-06
9.341343006711825498e-06
9.349508578320438074e-06
9.357639899281578301e-06
9.365678120847903911e-06
9.373620713535527676e-06
9.381561619049723266e-06
9.389437319720310681e-06
9.397294954303728141e-06
9.404982512860270207e-06
9.412699478527805405e-06
9.420300826484226362e-06
9.427868847458182298e-06
9.435359737446115595e-06
9.442735035815020566e-06
9.450062101275078194e-06
9.457291778798265549e-06
9.464478732927673988e-06
9.471523097515413729e-06
9.478528156449430634e-06
9.485457137261099508e-06
9.492325819025269857e-06
9.499043740173699225e-06
9.505725800676593709e-06
9.512326549198759696e-06
9.518845640182608227e-06
9.525238158650670820e-06
9.531600688441352757e-06
9.537871645563663302e-06
9.544050165130835446e-06
9.550085431777866391e-06
9.556071689403943214e-06
9.561997115429751387e-06
9.567821857016322419e-06
9.573493213955489329e-06
9.579115119191178518e-06
9.584657233311861524e-06
9.590125378181892950e-06
9.595506209382649509e-06
9.600721554052042006e-06
9.605916355281284334e-06
9.611025084753266304e-06
9.616089491836058182e-06
9.620985638748304983e-06
9.625860135968939991e-06
9.630639240393070510e-06
9.635317372490218425e-06
9.639870428078445950e-06
9.644393778064058162e-06
9.648814596164066745e-06
9.653111904525521201e-06
9.657262701424037363e-06
9.661405680569023824e-06
9.665430541986078875e-06
9.669367938009023090e-06
9.673154100971646663e-06
9.676918839887541335e-06
9.680625286406240962e-06
9.684200551860092874e-06
9.687715214534908863e-06
9.691063684423600576e-06
9.694415438422607798e-06
9.697648518869357497e-06
9.700772024494910863e-06
9.703757777761292668e-06
9.706741977907047642e-06
9.709629843488580580e-06
9.712414284359814623e-06
9.715040716571828603e-06
9.717673503671045188e-06
9.720264558483591755e-06
9.722704074237249115e-06
9.725063983088505382e-06
9.727350110012895974e-06
9.729570074615402107e-06
9.731727516683827281e-06
9.733715419066956052e-06
9.735673112433222305e-06
9.737577145321129831e-06
9.739347567883878395e-06
9.741004057407633965e-06
9.742607950786576760e-06
9.744166787267806123e-06
9.745597881189220978e-06
9.746998049324459397e-06
9.748282580757412023e-06
9.749451727501659828e-06
9.750616291724177796e-06
9.751725565866411834e-06
9.752672795152650921e-06
9.753595739949890689e-06
9.754463128762890840e-06
9.755299964041863636e-06
