1.686195044930345500e-08
2.552492025143395116e-08
1.142896434105213885e-07
2.116448707238645283e-07
3.206646816448250605e-07
6.451720785244468220e-07
4.211351618374446340e-07
4.994755887007874212e-07
4.335202185150181906e-07
4.344361876697223790e-07
4.317318150882826788e-07
4.147471340142371526e-07
3.914344859447872417e-07
3.885217315597794779e-07
3.725665284864703564e-07
3.598045626385839201e-07
3.434468877525009521e-07
3.299579139785439951e-07
3.180644441771422810e-07
3.074170863838302802e-07
2.984635015134960770e-07
2.907554974195747676e-07
2.840721574640497709e-07
2.783818773797830655e-07
2.737951237228710665e-07
2.702609978070004260e-07
2.677854337730356670e-07
2.661679073065612728e-07
2.653607755782926277e-07
2.654505846546713800e-07
2.663091453692623482e-07
2.680087356924178223e-07
2.704116880012968930e-07
2.732314027899656070e-07
2.765506451441105678e-07
2.802476200826650494e-07
2.843309450421440109e-07
2.887535259147132258e-07
2.937324519587876892e-07
2.992045750828232042e-07
3.049565560930730917e-07
3.107619501183416640e-07
3.168185130851817160e-07
3.231629240306796481e-07
3.298019128085588604e-07
3.365696157368576598e-07
3.436110875180307559e-07
3.509607526773436495e-07
3.585877794180697079e-07
3.661899572765484503e-07
3.737915930344553107e-07
3.814863210738909774e-07
3.894798317982669708e-07
3.976638690011337349e-07
4.059945324937260551e-07
4.143308886792772484e-07
4.227249604343226112e-07
4.311021929002090400e-07
4.395602880935697568e-07
4.480920414320625891e-07
4.567786173413718575e-07
4.654865058341347486e-07
4.742582792335727931e-07
4.830543552268654892e-07
4.919126210607207684e-07
5.007525257877125646e-07
5.096238702149290413e-07
5.185486162426829367e-07
5.276079212266218386e-07
5.366903559238025484e-07
5.457924308648671128e-07
5.548754321050787808e-07
5.639873370024367397e-07
5.730307168601982678e-07
5.820691225816281053e-07
5.911261512482872082e-07
6.002353027942686558e-07
6.093174296871996801e-07
6.184065130329552927e-07
6.274856975999135440e-07
6.366242963635219889e-07
6.457223038395676528e-07
6.548508940884587522e-07
6.639795546918604989e-07
6.731151652818313855e-07
6.821920595789611020e-07
6.912575761238461749e-07
7.003003851493980941e-07
7.093377763847214681e-07
7.183091815078050646e-07
7.273083124851892440e-07
7.362816563960100294e-07
7.452663499055070131e-07
7.542181503011492227e-07
7.631757754996406566e-07
7.721243712843341192e-07
7.810427262613789091e-07
7.899160347925257236e-07
7.987932490880988923e-07
8.075974755024534373e-07
8.163788345761062968e-07
8.251080667231892993e-07
8.338575558656563977e-07
8.425634471808264522e-07
8.512340926750434372e-07
8.598893460883805980e-07
8.685494919123850184e-07
8.771287095391970292e-07
8.856964447927027333e-07
8.942266396587796811e-07
9.027621212644574336e-07
9.112043335589434909e-07
9.196276434255562975e-07
9.280383925480959429e-07
9.364183256310523858e-07
9.447240346534913986e-07
9.530315604508155504e-07
9.613016298957198635e-07
9.695627434330918158e-07
9.777113682876552714e-07
9.858700441787272610e-07
9.940102493891181960e-07
1.002091349027053351e-06
1.010103996304045192e-06
1.018136798567795528e-06
1.026104965368386402e-06
1.034056263703906223e-06
1.041903040145785536e-06
1.049781444699340383e-06
1.057613744289931895e-06
1.065369287618162393e-06
1.073094958578659102e-06
1.080808305786390517e-06
1.088449704632843640e-06
1.096043324457001169e-06
1.103604766750668801e-06
1.111144919300721510e-06
1.118604051649926424e-06
1.126005647472309113e-06
1.133380247263121095e-06
1.140721720049038502e-06
1.147960985543033554e-06
1.155178601611232903e-06
1.162349732070569342e-06
1.169454307759519342e-06
1.176508197847582528e-06
1.183541073078153397e-06
1.190514397929257717e-06
1.197439038262133310e-06
1.204271184388052399e-06
1.211079848393136678e-06
1.217802932430938237e-06
1.224456382502118218e-06
1.231047736356351732e-06
1.237602295022407811e-06
1.244065502566242886e-06
1.250492672888010946e-06
1.256877242832794340e-06
1.263217415002774455e-06
1.269473996688478744e-06
1.275644939433048323e-06
1.281755740934457669e-06
1.287805277892794070e-06
1.293755548527467225e-06
1.299643121863838983e-06
1.305445578790975228e-06
1.311178466932614469e-06
1.316823522356320952e-06
1.322419353487533571e-06
1.327941757571733884e-06
1.333353183412843770e-06
1.338714077853213026e-06
1.344022919745403805e-06
1.349242057461361615e-06
1.354390287313937862e-06
1.359457546061411600e-06
1.364463476349106628e-06
1.369398707397481475e-06
1.374270508596679733e-06
1.379080065062875318e-06
1.383840045637153734e-06
1.388486170077239390e-06
1.393121807033949994e-06
1.397691097799101020e-06
1.402215346919305475e-06
1.406671331089913493e-06
1.411080161270191501e-06
1.415450178564327809e-06
1.419775055946105290e-06
1.424061890377115673e-06
1.428336633134913667e-06
1.432551431021979608e-06
1.436771467497932442e-06
1.440983423946333114e-06
1.445202026809718063e-06
1.449403216192304499e-06
1.453585761668123558e-06
1.457802223375851767e-06
1.462030213468136424e-06
1.466261236523757356e-06
1.470519457189750525e-06
1.474783493782874853e-06
1.479091673421419987e-06
1.483430936119676700e-06
1.487825766332089904e-06
1.492266729986395279e-06
1.496738395788551935e-06
1.501293650404345124e-06
1.505924729820065618e-06
1.510622520758977248e-06
1.515398853574878401e-06
1.520236412104364644e-06
1.525174875250784479e-06
1.530197346327198542e-06
1.535318568595211276e-06
1.540532913854874113e-06
1.545831152217188369e-06
1.551242735446862165e-06
1.556773753344263245e-06
1.562406284169491709e-06
1.568154093189709646e-06
1.573986556135489089e-06
1.579958687556605330e-06
1.586045310367539003e-06
1.592249727780150851e-06
1.598562596643811832e-06
1.604982129712921119e-06
1.611527342903235726e-06
1.618196830197234123e-06
1.624981974467283034e-06
1.631868941820953951e-06
1.638883036321381211e-06
1.646019810110856778e-06
1.653264467701150872e-06
1.660624090692207570e-06
1.668067815134561767e-06
1.675640400922503063e-06
1.683316392011150133e-06
1.691094468695144527e-06
1.698966193164059515e-06
1.706916843570724153e-06
1.714971139453003715e-06
1.723128914101768179e-06
1.731367127740834212e-06
1.739707586354088184e-06
1.748104794823507946e-06
1.756614002327847295e-06
1.765211550021150651e-06
1.773895530966144792e-06
1.782665734164013422e-06
1.791497330533040134e-06
1.800429941916449025e-06
1.809442118667826493e-06
1.818528004668576848e-06
1.827694046798874984e-06
1.836891226429178339e-06
1.846184756680602593e-06
1.855532995020140542e-06
1.864938092223714566e-06
1.874393580910342950e-06
1.883868236218442016e-06
1.893407684405424354e-06
1.902989342242036612e-06
1.912616306506488622e-06
1.922260243604379703e-06
1.931949987187610854e-06
1.941690277897933027e-06
1.951453092368570678e-06
1.961266842642857738e-06
1.971061270064149587e-06
1.980921097632357676e-06
1.990798467667972839e-06
2.000713636502232603e-06
2.010639603224694600e-06
2.020560015965391492e-06
2.030515084638631881e-06
2.040486365439778420e-06
2.050471609205238972e-06
2.060476970834928958e-06
2.070454346660814557e-06
2.080480753876307449e-06
2.090503242194465046e-06
2.100541610048530334e-06
2.110549262082236873e-06
2.120595508845683499e-06
2.130641406377426067e-06
2.140686636034690141e-06
2.150736500084204667e-06
2.160747465597885867e-06
2.170770055898595591e-06
2.180805879537938116e-06
2.190818378698843493e-06
2.200819086446179425e-06
2.210779452220093119e-06
2.220754259375748654e-06
2.230709665145535398e-06
2.240655025516555215e-06
2.250581657919280995e-06
2.260465330823742100e-06
2.270339170253503508e-06
2.280213808738432210e-06
2.290057933862445214e-06
2.299851694602264243e-06
2.309638422743472708e-06
2.319403895060514599e-06
2.329141596432621207e-06
2.338854028368406666e-06
2.348499716622861305e-06
2.358171957982771199e-06
2.367790899943516069e-06
2.377397783550035242e-06
2.386961649605841884e-06
2.396468556058854093e-06
2.405975118887943025e-06
2.415446059963497533e-06
2.424888796196184137e-06
2.434300224278028929e-06
2.443631923851938604e-06
2.452965727861090239e-06
2.462258778572434489e-06
2.471522318769821060e-06
2.480706497352312748e-06
2.489901228422735386e-06
2.499040527007621889e-06
2.508150097151566915e-06
2.517212934173182584e-06
2.526207524282208328e-06
2.535188308288101140e-06
2.544136290383938493e-06
2.553038046821075731e-06
2.561894155088980875e-06
2.570672942239037893e-06
2.579447844968606468e-06
2.588177416154566866e-06
2.596865069483527374e-06
2.605464490115883022e-06
2.614059013141653518e-06
2.622599639186489291e-06
2.631091554403346246e-06
2.639541640516153665e-06
2.647904593243522103e-06
2.656251729624125220e-06
2.664568804317847624e-06
2.672834711845957085e-06
2.681070237902777004e-06
2.689203786457992397e-06
2.697356408604918797e-06
2.705454672984682236e-06
2.713509813038828692e-06
2.721469184227908754e-06
2.729414656713525185e-06
2.737305238050024683e-06
2.745144963256071540e-06
2.752924531084214645e-06
2.760611791963341563e-06
2.768270561742706092e-06
2.775881405279429142e-06
2.783441326803821231e-06
2.790913723635803842e-06
2.798357287883452748e-06
2.805759588829165039e-06
2.813103916406568219e-06
2.820403990759644556e-06
2.827594168121749401e-06
2.834779796541199768e-06
2.841902627956773005e-06
2.848977552455556394e-06
2.855989898189083846e-06
2.862905476040540378e-06
2.869795239316209069e-06
2.876636807671121059e-06
2.883413138008820376e-06
2.890091884268989995e-06
2.896740160685815613e-06
2.903341362541760282e-06
2.909877423091388320e-06
2.916363705527210343e-06
2.922739664339351763e-06
2.929103279226482396e-06
2.935403254629684332e-06
2.941662443026301180e-06
2.947848185644501602e-06
2.953936284689262168e-06
2.960008730502222927e-06
2.966009195811366150e-06
2.971947777241755342e-06
2.977775880956235251e-06
2.983572433398143138e-06
2.989303597027461376e-06
2.994959238189211346e-06
3.000566195729105628e-06
3.006036977571580674e-06
3.011493205197173714e-06
3.016892954635236944e-06
3.022220761779367165e-06
3.027437176810391343e-06
3.032631599572313423e-06
3.037756316040637983e-06
3.042810478608464431e-06
3.047797579133817303e-06
3.052667759952582624e-06
3.057504620744537916e-06
3.062265090660507915e-06
3.066963719362149174e-06
3.071545420305011649e-06
3.076077613936517396e-06
3.080559597355296511e-06
3.084961954083347147e-06
3.089287367549189298e-06
3.093500867831677062e-06
3.097679775766354342e-06
3.101783887706939829e-06
3.105819565454592959e-06
3.109766704669021973e-06
3.113596359522918075e-06
3.117389360323993860e-06
3.121096507909500989e-06
3.124737156953575313e-06
3.128250423960073328e-06
3.131719266655494047e-06
3.135121878575841599e-06
3.138443892098572474e-06
3.141696869314202954e-06
3.144821136545537033e-06
3.147903427953400176e-06
3.150916246100061738e-06
3.153834276992540520e-06
3.156622302754924670e-06
3.159383540095500201e-06
3.162033615222407171e-06
3.164609842645191424e-06
3.167086874571634328e-06
3.169421169310319116e-06
3.171714988064451801e-06
3.173910208517875504e-06
3.176012547768524478e-06
3.177981532468566587e-06
3.179884123602855309e-06
3.181695066677662844e-06
3.183413818922856612e-06
3.185043273936819451e-06
3.186523233781184398e-06
3.187951116774963500e-06
3.189288296358263602e-06
3.190533586218890950e-06
3.191629971697129344e-06
3.192653701826348849e-06
3.193577044444056557e-06
3.194402735952205784e-06
3.195100165779474638e-06
3.195648742978163330e-06
3.196115564058931798e-06
3.196473088317595440e-06
3.196715485737450158e-06
3.196848753989094949e-06
3.196825400655636386e-06
3.196733424467214419e-06
3.196532008368653595e-06
3.196225447429886666e-06
3.195762149779567392e-06
3.195200605626803000e-06
3.194528832818738715e-06
3.193717391811025681e-06
3.192770067413185318e-06
3.191646936214789845e-06
3.190410249040670071e-06
3.189047044159754500e-06
3.187543890380260350e-06
3.185865119397989503e-06
3.184094439223028415e-06
3.182186992560827326e-06
3.180135312210847711e-06
3.177982510920121493e-06
3.175629851510500091e-06
3.173167591793397790e-06
3.170598339730545786e-06
3.167878515914351607e-06
3.164965477996119006e-06
3.161950552310291626e-06
3.158804478157791313e-06
3.155520637840113016e-06
3.152110638639192779e-06
3.148511334582490412e-06
3.144838745812003677e-06
3.141056029597810799e-06
3.137152378369158612e-06
3.133097403136385983e-06
3.128983692072216920e-06
3.124759203150759640e-06
3.120435026221032842e-06
3.116039812446942760e-06
3.111506491312834808e-06
3.106933427072346440e-06
3.102277987708176097e-06
3.097572701332642723e-06
3.092790099719616359e-06
3.087998919886606657e-06
3.083183754776545105e-06
3.078360162574745468e-06
3.073540556801706134e-06
3.068683316194614275e-06
3.063908762551758347e-06
3.059153784547071405e-06
3.054448679502392192e-06
3.049788215905080252e-06
3.045218927336951214e-06
3.040739858435158429e-06
3.036370265655908730e-06
3.032110745909525410e-06
3.027955092057162654e-06
3.023985192256365789e-06
3.020169305166551497e-06
3.016540618032091964e-06
3.013078747314496649e-06
3.009842052567286807e-06
3.006832943944874485e-06
3.004072338154643219e-06
3.001521986796126589e-06
2.999264928263871159e-06
2.997285386765143720e-06
2.995587273249710878e-06
2.994189886167864999e-06
2.993065945600970096e-06
2.992278728383735620e-06
2.991810254231756283e-06
2.991666846699457250e-06
2.991821588716978081e-06
2.992331672666975168e-06
2.993180311871859307e-06
2.994359355943725699e-06
2.995879317903173676e-06
2.997712805237082700e-06
2.999910187298172608e-06
3.002433578533482402e-06
3.005305753993336139e-06
3.008468089610583960e-06
3.011979663413083725e-06
3.015815907024950829e-06
3.019972316625839445e-06
3.024428010413149179e-06
3.029161385198392635e-06
3.034213777968623679e-06
3.039549790821044133e-06
3.045169573890972923e-06
3.051029936273461044e-06
3.057175739167388862e-06
3.063596546849452657e-06
3.070242994321794755e-06
3.077146607297408008e-06
3.084237584178520253e-06
3.091587984154955153e-06
3.099144469864441123e-06
3.106908658016635854e-06
3.114839439964199032e-06
3.122981841962848276e-06
3.131300615327509308e-06
3.139793243697552534e-06
3.148442138159483990e-06
3.157217880247808048e-06
3.166170957119100733e-06
3.175258327245685333e-06
3.184486400879378561e-06
3.193803911790221307e-06
3.203266793504127782e-06
3.212843085294335356e-06
3.222537937333940129e-06
3.232326756714742095e-06
3.242175338544782966e-06
3.252164109904751574e-06
3.262225895212769906e-06
3.272377956951143753e-06
3.282575057400264750e-06
3.292869046060236329e-06
3.303220412123576939e-06
3.313647579086202790e-06
3.324086035885689333e-06
3.334606756386055765e-06
3.345173845038913178e-06
3.355791293519610019e-06
3.366433856043880186e-06
3.377089221251307052e-06
3.387813318622718524e-06
3.398549555454733055e-06
3.409330068388881222e-06
3.420101452421538499e-06
3.430913537382317136e-06
3.441750149434171860e-06
3.452617731755002643e-06
3.463484605524623743e-06
3.474323014626738497e-06
3.485220792491721827e-06
3.496120065756820251e-06
3.507026750768163904e-06
3.517908383179489925e-06
3.528823987576227488e-06
3.539735543230501001e-06
3.550669334143375238e-06
3.561595288593755885e-06
3.572474729611541498e-06
3.583386291393518590e-06
3.594317498751497574e-06
3.605218935335415293e-06
3.616084360500665087e-06
3.626990324607420679e-06
3.637878781607812566e-06
3.648752574755702704e-06
3.659590817812505887e-06
3.670439498495783593e-06
3.681282926950055360e-06
3.692122379590279636e-06
3.702957716316767332e-06
3.713725595356470326e-06
3.724518271048294407e-06
3.735317729458749537e-06
3.746081007900721116e-06
3.756779443811165594e-06
3.767501359350361083e-06
3.778200415097198315e-06
3.788866432938006450e-06
3.799504877512727689e-06
3.810083493053231680e-06
3.820657395162536558e-06
3.831214827132078218e-06
3.841747919456947033e-06
3.852199683399304837e-06
3.862663376067056645e-06
3.873111263797092004e-06
3.883526723554488750e-06
3.893898282129295783e-06
3.904210033706027484e-06
3.914538310457187531e-06
3.924816410946097807e-06
3.935079114998369007e-06
3.945267524265769804e-06
3.955456586846281134e-06
3.965603009786710646e-06
3.975737573572176402e-06
3.985782194991040001e-06
3.995827681511339251e-06
4.005841157742200706e-06
4.015837091421606125e-06
4.025769020847920977e-06
4.035630347754261691e-06
4.045508856544367322e-06
4.055344219571720505e-06
4.065140236334551015e-06
4.074875137722552627e-06
4.084612158101864274e-06
4.094297202552083088e-06
4.103951075253947771e-06
4.113579741977850390e-06
4.123088858910989431e-06
4.132596551131460277e-06
4.142068199850745556e-06
4.151495885829037924e-06
4.160805150177618027e-06
4.170117104949619965e-06
4.179394071578966867e-06
4.188610501838662450e-06
4.197731127069915371e-06
4.206863782363219189e-06
4.215949940234098780e-06
4.224976795902500892e-06
4.233964775611771505e-06
4.242875654119920864e-06
4.251765096698545650e-06
4.260604183258794772e-06
4.269423947589050311e-06
4.278138279961926411e-06
4.286825582523583279e-06
4.295483995075182922e-06
4.304101911851586442e-06
4.312662271732357662e-06
4.321093566851122179e-06
4.329541970922575794e-06
4.337935137463295986e-06
4.346273478164553022e-06
4.354492299884783193e-06
4.362721788208912643e-06
4.370898629686131363e-06
4.379013054965323688e-06
4.387039867210298351e-06
4.395063301415077729e-06
4.403021446009884981e-06
4.410921800636737403e-06
4.418778006661004176e-06
4.426525395065304332e-06
4.434233642700304499e-06
4.441879666699365796e-06
4.449485918611746971e-06
4.456967818219447389e-06
4.464414709304614939e-06
4.471814426126227953e-06
4.479148963700259793e-06
4.486376020714412772e-06
4.493553251482747358e-06
4.500699885906731261e-06
4.507767002438011545e-06
4.514757883226750892e-06
4.521627615977637753e-06
4.528506632147954052e-06
4.535297506059737494e-06
4.542000880280521751e-06
4.548601598075004800e-06
4.555172269624433659e-06
4.561656353303111850e-06
4.568084897339772122e-06
4.574435182526385791e-06
4.580669592422094151e-06
4.586869596100973429e-06
4.592984382486964534e-06
4.599063183097036626e-06
4.605008269159073834e-06
4.610915814906494826e-06
4.616781076082022394e-06
4.622599832291164009e-06
4.628297452541490250e-06
4.633956435142946613e-06
4.639584655741044922e-06
4.645150538972227752e-06
4.650644510571197397e-06
4.655994177262748272e-06
4.661342518543204794e-06
4.666613958831499581e-06
4.671812015084005300e-06
4.676865273523887107e-06
4.681919359024406873e-06
4.686895982005012745e-06
4.691798211045579783e-06
4.696569576228676686e-06
4.701342777704062943e-06
4.706031764319190761e-06
4.710637808482203346e-06
4.715196804272259289e-06
4.719627504747193513e-06
4.724046701679955596e-06
4.728376949069004852e-06
4.732646842254342497e-06
4.736801846896358466e-06
4.740932960062589726e-06
4.744986375406046961e-06
4.748973203790504581e-06
4.752905207996882173e-06
4.756695008251673203e-06
4.760465822848794242e-06
4.764171329350617987e-06
4.767828527235446514e-06
4.771348528122667543e-06
4.774849915840205352e-06
4.778297445301188400e-06
4.781695267518296264e-06
4.784976050206426245e-06
4.788235796157385495e-06
4.791439136737919928e-06
4.794599157739237018e-06
4.797652823088022287e-06
4.800613748432951297e-06
4.803541689166801722e-06
4.806405097496343108e-06
4.809188988719070748e-06
4.811854814496437782e-06
4.814506504091117988e-06
4.817098309637413167e-06
4.819624702380098853e-06
4.822030769148732074e-06
4.824443864819169595e-06
4.826778391260496685e-06
4.829069221042638060e-06
4.831299074985131127e-06
4.833430628637028808e-06
4.835543346281633394e-06
4.837603264329460289e-06
4.839617411177713395e-06
4.841524675844496060e-06
4.843427707383499144e-06
4.845268581037745763e-06
4.847059059810145901e-06
4.848743096479098247e-06
4.850432202998871118e-06
4.852065337806445282e-06
4.853662543931984396e-06
4.855191069906106098e-06
4.856654744571110872e-06
4.858117997765747511e-06
4.859548541617933851e-06
4.860953319618696890e-06
4.862283804201206035e-06
4.863635685003271312e-06
4.864939190325014872e-06
4.866239001572215238e-06
4.867461933034208552e-06
4.868682300190332780e-06
4.869863433404899085e-06
4.871022559136230661e-06
4.872159182538448757e-06
4.873226906303654716e-06
4.874304288982155410e-06
4.875370077936821538e-06
4.876433265534936335e-06
4.877474774910369484e-06
4.878549937818724421e-06
4.879619790019457030e-06
4.880731576418433326e-06
4.881838305476550831e-06
4.882931515530326852e-06
4.884053554322735048e-06
4.885197411153428446e-06
4.886360349175985895e-06
4.887500425095088299e-06
4.888683216060191417e-06
4.889903562299936460e-06
4.891168984311313411e-06
4.892455759047379937e-06
4.893812202108638387e-06
4.895188621273510607e-06
4.896640487587908480e-06
4.898169740599534039e-06
4.899724649842488423e-06
4.901341203471751238e-06
4.903043780084779842e-06
4.904836148768216825e-06
4.906682703392161437e-06
4.908616321917036957e-06
4.910616255785143885e-06
4.912709265338322360e-06
4.914885359151795172e-06
4.917180910752408893e-06
4.919542231735438538e-06
4.921976905552685638e-06
4.924528423332924932e-06
4.927163399539363394e-06
4.929916294130226272e-06
4.932735717716164747e-06
4.935663472947213732e-06
4.938697661567667635e-06
4.941883508724013229e-06
4.945147733467574604e-06
4.948516756033417503e-06
4.951974089268011926e-06
4.955625404204109393e-06
4.959403227321430645e-06
4.963278423356332105e-06
4.967267362037146467e-06
4.971369180835320139e-06
4.975649823093719380e-06
4.980042679465442157e-06
4.984519936828950264e-06
4.989052548476464121e-06
4.993760360735934980e-06
4.998581977221549979e-06
5.003516838889795324e-06
5.008485907645165732e-06
5.013608510228205401e-06
5.018881288502549961e-06
5.024320028057194765e-06
5.029881781981545790e-06
5.035477883764346259e-06
5.041248380938647886e-06
5.047172721475165341e-06
5.053229657698745926e-06
5.059354456880878017e-06
5.065547219220362725e-06
5.071829487767557758e-06
5.078225008265564326e-06
5.084683482855698734e-06
5.091249757826040537e-06
5.097871395437001694e-06
5.104561540300789067e-06
5.111377832611301922e-06
5.118281922910138643e-06
5.125311663388143039e-06
5.132407132674984691e-06
5.139574311574033783e-06
5.146816121592329224e-06
5.154226228241287062e-06
5.161742238595388109e-06
5.169293491703778499e-06
5.176859181256337994e-06
5.184552350395464048e-06
5.192374794450400750e-06
5.200265691496541888e-06
5.208160732122363888e-06
5.216105124661464414e-06
5.224107586300238322e-06
5.232211935806564522e-06
5.240394009673050282e-06
5.248544742200628762e-06
5.256773057722896245e-06
5.265017880789203518e-06
5.273335335817252051e-06
5.281700288988391694e-06
5.290155753389256198e-06
5.298627947069547570e-06
5.307108548750162515e-06
5.315598338840518508e-06
5.324215042049216771e-06
5.332909139823033559e-06
5.341631898861472434e-06
5.350357300270672085e-06
5.359068866896095213e-06
5.367874895809511061e-06
5.376747327215858683e-06
5.385679488887656731e-06
5.394564599926186482e-06
5.403467868245345561e-06
5.412382314300468903e-06
5.421356764456162561e-06
5.430325033640174779e-06
5.439352974878471264e-06
5.448362806573090818e-06
5.457335919139957579e-06
5.466301223936945033e-06
5.475250870251413555e-06
5.484291227571109205e-06
5.493314100867218057e-06
5.502313844127939730e-06
5.511226811414475896e-06
5.520179512496286244e-06
5.529158402836344259e-06
5.538185927767783762e-06
5.547149220397545637e-06
5.556101573032608794e-06
5.565029435873971373e-06
5.573929941845768527e-06
5.582855345596490402e-06
5.591745035041812262e-06
5.600660436015607070e-06
5.609519130181420879e-06
5.618335421527155734e-06
5.627068174908737440e-06
5.635836365140424500e-06
5.644609461293177203e-06
5.653387754207185311e-06
5.662071416910720546e-06
5.670753154179117914e-06
5.679371893521005517e-06
5.687979641931832543e-06
5.696586118703740018e-06
5.705150683516769679e-06
5.713719706999273718e-06
5.722242493578252363e-06
5.730692826296386205e-06
5.739059695127390201e-06
5.747448659617087885e-06
5.755834849142096247e-06
5.764202858098807879e-06
5.772456300195757447e-06
5.780715645660395467e-06
5.788868825409866174e-06
5.796990714271003665e-06
5.805039232872964351e-06
5.813123025387960007e-06
5.821193439721630437e-06
5.829170580868038125e-06
5.837108013196496119e-06
5.844902802453497563e-06
5.852710809410466686e-06
5.860471343133020557e-06
5.868190139880809982e-06
5.875846935507323007e-06
5.883456589699479435e-06
5.890970876106598068e-06
5.898394895846021531e-06
5.905695495984330548e-06
5.913008041514993300e-06
5.920232456859298490e-06
5.927442607151401492e-06
5.934571797381195296e-06
5.941575086113545235e-06
5.948528814012722867e-06
5.955390338742206771e-06
5.962198662371387395e-06
5.968854896445823518e-06
5.975555064686868820e-06
5.982165712628925571e-06
5.988707845190163470e-06
5.995101638905032478e-06
6.001442707523860931e-06
6.007685266416746785e-06
6.013820035529419165e-06
6.019919392837605252e-06
6.025885877906447750e-06
6.031819760134304802e-06
6.037677016288243061e-06
6.043432119795592388e-06
6.049037467426575623e-06
6.054579166125823821e-06
6.060019788700266486e-06
6.065404527390076030e-06
6.070672328314126143e-06
6.075914487310119369e-06
6.081069747741505082e-06
6.086143833674301042e-06
6.091075379454178806e-06
6.095956950616639629e-06
6.100713205504837810e-06
6.105361939267626119e-06
6.109952395076012049e-06
6.114387602310458735e-06
