1.568721302732461252e-06
1.570830972987037299e-06
1.572910822259749308e-06
1.574937648483352507e-06
1.576953825709318308e-06
1.578931660952707405e-06
1.580876407569353995e-06
1.582764162131046508e-06
1.584623464477395846e-06
1.586449211320877327e-06
1.588227461445621575e-06
1.589964314838506882e-06
1.591649461949697885e-06
1.593301050715533680e-06
1.594921852717037992e-06
1.596496335808765086e-06
1.598018549765150950e-06
1.599527942866168298e-06
1.601001142336639391e-06
1.602437401560966564e-06
1.603824371868896136e-06
1.605189281675039177e-06
1.606517882780674965e-06
1.607805138993202764e-06
1.609054321809786768e-06
1.610236877099689318e-06
1.611387183061927985e-06
1.612499888760619742e-06
1.613555979055627383e-06
1.614561764375165047e-06
1.615525675082793549e-06
1.616459967715849828e-06
1.617347656712688897e-06
1.618187053142848682e-06
1.618986167006658512e-06
1.619754087956268154e-06
1.620485105881657383e-06
1.621146263205844707e-06
1.621774712900756690e-06
1.622361864829282593e-06
1.622892160762548289e-06
1.623375760015937501e-06
1.623802882653147841e-06
1.624195364276872164e-06
1.624549416087570472e-06
1.624862228464936055e-06
1.625129090453701527e-06
1.625372304205371233e-06
1.625570195267110923e-06
1.625728543283298264e-06
1.625835857019668011e-06
1.625913227950679907e-06
1.625934719226151676e-06
1.625894683688355780e-06
1.625817264122859916e-06
1.625673895016502338e-06
1.625483584292736385e-06
1.625254021448881616e-06
1.624973750065069676e-06
1.624621067526579794e-06
1.624231679361714709e-06
1.623784678438409987e-06
1.623298278076447143e-06
1.622743059472168739e-06
1.622142037605525030e-06
1.621500542190331812e-06
1.620807776051147713e-06
1.620043568562845577e-06
1.619240248266791012e-06
1.618383789820849462e-06
1.617477925062500912e-06
1.616511924680114046e-06
1.615482376824476301e-06
1.614409821405713007e-06
1.613279995213466318e-06
1.612078252658857463e-06
1.610818669379418836e-06
1.609510587258496644e-06
1.608142987862162949e-06
1.606713303969041568e-06
1.605204510523590613e-06
1.603652728583671808e-06
1.602039376895326720e-06
1.600354840967104355e-06
1.598604529871489381e-06
1.596794429197649546e-06
1.594928086330965201e-06
1.592990856005005654e-06
1.590987742001288439e-06
1.588912959691821404e-06
1.586777199677053104e-06
1.584577342387412765e-06
1.582312120739024811e-06
1.579963048684731813e-06
1.577549845433556363e-06
1.575069797948522092e-06
1.572509881920947301e-06
1.569874666174524574e-06
1.567168498394635272e-06
1.564392883860754587e-06
1.561552009121753454e-06
1.558637174569998068e-06
1.555629094501784710e-06
1.552560644922497158e-06
1.549427829957009360e-06
1.546226903167068128e-06
1.542934726376193223e-06
1.539593855444928294e-06
1.536173428946323385e-06
1.532685854987426425e-06
1.529116941525128920e-06
1.525499868756109882e-06
1.521809640619913143e-06
1.518047059225223563e-06
1.514220376834638794e-06
1.510336026043405986e-06
1.506394143687329675e-06
1.502387145577275468e-06
1.498326462339430852e-06
1.494210221765366204e-06
1.490042094298306521e-06
1.485825927138793290e-06
1.481568430478232017e-06
1.477248547177566316e-06
1.472898426795428439e-06
1.468520408698745769e-06
1.464101631743504956e-06
1.459639751602210207e-06
1.455155867716802854e-06
1.450650687308184772e-06
1.446127164279649068e-06
1.441574252912645472e-06
1.437009344885991358e-06
1.432443412957167318e-06
1.427873940121998406e-06
1.423302904744929629e-06
1.418724509149866743e-06
1.414167877906417995e-06
1.409625418733493374e-06
1.405105668190743054e-06
1.400595655764686306e-06
1.396126649311077365e-06
1.391688118323243064e-06
1.387287438371413360e-06
1.382920651903311488e-06
1.378608212919748986e-06
1.374345093666555752e-06
1.370137952307727541e-06
1.365996433834124172e-06
1.361913700784201710e-06
1.357904254077049216e-06
1.353967691163028308e-06
1.350106690617118263e-06
1.346320732433311096e-06
1.342631721332746777e-06
1.339026002883422008e-06
1.335515499646605220e-06
1.332086961901846514e-06
1.328767106132304207e-06
1.325543169991716184e-06
1.322424013095567767e-06
1.319402294634260897e-06
1.316493768912537673e-06
1.313693282680812472e-06
1.311006405847138264e-06
1.308433019541310663e-06
1.305964829929551608e-06
1.303623582714797227e-06
1.301393577468752309e-06
1.299290960198315848e-06
1.297288850693546186e-06
1.295416573206379999e-06
1.293664588569311250e-06
1.292032462484743926e-06
1.290508730527973720e-06
1.289117103010699897e-06
1.287843767456440038e-06
1.286690588020447857e-06
1.285642660263979278e-06
1.284725025756094851e-06
1.283927592577844854e-06
1.283242938867924550e-06
1.282675560413676792e-06
1.282211590346614447e-06
1.281875426917078303e-06
1.281650695750435535e-06
1.281537357111249116e-06
1.281524392047753495e-06
1.281628620168441600e-06
1.281844418910110996e-06
1.282162693236799141e-06
1.282577593923003482e-06
1.283100635047063608e-06
1.283724234099503412e-06
1.284449041787215116e-06
1.285264261189685254e-06
1.286180757136325334e-06
1.287190172412894961e-06
1.288290560206348737e-06
1.289486680042480041e-06
1.290755267162121506e-06
1.292122482600377915e-06
1.293576847237059499e-06
1.295108400495439392e-06
1.296714446241529013e-06
1.298407340074642532e-06
1.300181833318164546e-06
1.302024575498074306e-06
1.303928534572845291e-06
1.305918104922004563e-06
1.307977623051734705e-06
1.310102328354557761e-06
1.312281758837099177e-06
1.314533106788326890e-06
1.316843187975400259e-06
1.319219500065213506e-06
1.321650139738316752e-06
1.324125414077893388e-06
1.326665991945212453e-06
1.329266133427606576e-06
1.331910893137114229e-06
1.334602045108135832e-06
1.337346895342636957e-06
1.340143058578576876e-06
1.342981622513790420e-06
1.345855676826782130e-06
1.348780658518353289e-06
1.351744009097106177e-06
1.354741635863438144e-06
1.357767675755785792e-06
1.360842387775166733e-06
1.363947821513786592e-06
1.367084503989589875e-06
1.370259367640818881e-06
1.373447487244114098e-06
1.376678170148257125e-06
1.379938780138377842e-06
1.383225175302199438e-06
1.386524497991494216e-06
1.389864311760772436e-06
1.393222231340204772e-06
1.396601136957954655e-06
1.399993327572800713e-06
1.403417388159232404e-06
1.406863566439656267e-06
1.410322812498394426e-06
1.413789389363457672e-06
1.417281723638193427e-06
1.420796613367590607e-06
1.424320655377287459e-06
1.427861211256252164e-06
1.431406593657834857e-06
1.434970261912990382e-06
1.438547047424976714e-06
1.442128198162945989e-06
1.445705165654861266e-06
1.449299575784390289e-06
1.452896506259254257e-06
1.456509681980585497e-06
1.460099860586548637e-06
1.463714136103451830e-06
1.467327566100917579e-06
1.470939976998317406e-06
1.474544296233514053e-06
1.478158752792463877e-06
1.481778237074418497e-06
1.485388272988353427e-06
1.488996587685493030e-06
1.492586938895609397e-06
1.496184521795864147e-06
1.499781151644369032e-06
1.503367796084390257e-06
1.506936355735012184e-06
1.510511875030402729e-06
1.514075537869414442e-06
1.517632167427967622e-06
1.521160574147528431e-06
1.524693681808847473e-06
1.528217546107156392e-06
1.531727781243839149e-06
1.535213731358381204e-06
1.538699748256743647e-06
1.542172281085529960e-06
1.545635665033175700e-06
1.549081491700309484e-06
1.552502886433615276e-06
1.555919494705931012e-06
1.559323749477599220e-06
1.562708600056970959e-06
1.566062674098947683e-06
1.569411550458469216e-06
1.572741907477664824e-06
1.576047359635185543e-06
1.579323797189553790e-06
1.582591386913491771e-06
1.585835619013815803e-06
1.589061795430127317e-06
1.592251953340167026e-06
1.595434603559649129e-06
1.598591981632136092e-06
1.601730946726156767e-06
1.604844338968394745e-06
1.607919881447034032e-06
1.610984366168474799e-06
1.614021698193315433e-06
1.617035836641254249e-06
1.620008814720625507e-06
1.622964852953219479e-06
1.625897167017581401e-06
1.628803810376736992e-06
1.631667841630312052e-06
1.634514921676610342e-06
1.637336961396912343e-06
1.640132309175908171e-06
1.642879654695184577e-06
1.645614715644348002e-06
1.648315124268617202e-06
1.650987879811218619e-06
1.653621236401082902e-06
1.656211482975615151e-06
1.658779328037344497e-06
1.661311953615206523e-06
1.663807103678471796e-06
1.666254266004293979e-06
1.668680759944126624e-06
1.671071462938133462e-06
1.673422670012448006e-06
1.675728882608215666e-06
1.678008728221928952e-06
1.680252438303173504e-06
1.682453531337997570e-06
1.684610070680740723e-06
1.686738784040011253e-06
1.688826553967986399e-06
1.690873145853517063e-06
1.692882600018637806e-06
1.694837709178899660e-06
1.696759673899890066e-06
1.698645341643766819e-06
1.700488259531587647e-06
1.702278283922710139e-06
1.704031059631851661e-06
1.705748029496132907e-06
1.707420863410534350e-06
1.709038425318761805e-06
1.710621949456799022e-06
1.712166443578964198e-06
1.713670633468632716e-06
1.715112913336110127e-06
1.716519503257118669e-06
1.717885858446636498e-06
1.719206160741438320e-06
1.720480788391754284e-06
1.721690992529226720e-06
1.722865071239538253e-06
1.723989370271048120e-06
1.725056144065467340e-06
1.726065140839050346e-06
1.727039776788394570e-06
1.727965264751238821e-06
1.728838976716568915e-06
1.729643915591057138e-06
1.730414351683426683e-06
1.731133270967508370e-06
1.731788588067137934e-06
1.732394692704685821e-06
1.732948520903560744e-06
1.733453893604398177e-06
1.733903645362828491e-06
1.734273000833544114e-06
1.734618707462160736e-06
1.734894826106563920e-06
1.735113632781377329e-06
1.735278959900554147e-06
1.735379269621558932e-06
1.735421023289644044e-06
1.735407333450388131e-06
1.735333421376097171e-06
1.735188439207826327e-06
1.734995682185214254e-06
1.734740884035894250e-06
1.734427345484144820e-06
1.734044362063061632e-06
1.733612338430107748e-06
1.733110343764653394e-06
1.732545739854108148e-06
1.731911226526088936e-06
1.731217793990766711e-06
1.730468853818570501e-06
1.729645540711598892e-06
1.728760841087175159e-06
1.727789202952608410e-06
1.726758552467156379e-06
1.725671023351101799e-06
1.724517309324318082e-06
1.723282327833136770e-06
1.721983357350582774e-06
1.720628161545057306e-06
1.719193862022708488e-06
1.717692897056629709e-06
1.716124244917852135e-06
1.714493479346139818e-06
1.712793672556180527e-06
1.711013843458179746e-06
1.709175315424490146e-06
1.707269369048487026e-06
1.705303379149370533e-06
1.703260718835640861e-06
1.701154267164719033e-06
1.698983213788654529e-06
1.696752094165111360e-06
1.694454990011003836e-06
1.692086131187939089e-06
1.689663096308007502e-06
1.687181196441723548e-06
1.684634859955203146e-06
1.682020566809551115e-06
1.679348349043141829e-06
1.676618298183202699e-06
1.673836574085807268e-06
1.670988466931674041e-06
1.668087729718295398e-06
1.665139106083001109e-06
1.662136124418596590e-06
1.659074952584338288e-06
1.655969185592003218e-06
1.652827848689585709e-06
1.649640633560349736e-06
1.646413134866003120e-06
1.643127875560313980e-06
1.639816558934710688e-06
1.636465993737105976e-06
1.633087778459417972e-06
1.629667267250840118e-06
1.626226055357336685e-06
1.622760165779766431e-06
1.619280424483596767e-06
1.615762651663777149e-06
1.612230872560770716e-06
1.608687038078317238e-06
1.605130195876885611e-06
1.601563144880882686e-06
1.598003408713811463e-06
1.594435734145874703e-06
1.590865172794156453e-06
1.587303998187236133e-06
1.583736979602063785e-06
1.580193160306122464e-06
1.576656526715151753e-06
1.573140239175130398e-06
1.569626445833647791e-06
1.566151730307689119e-06
1.562698586826515946e-06
1.559272412432264127e-06
1.555870338330844693e-06
1.552505741293096196e-06
1.549169293667026611e-06
1.545891467980495014e-06
1.542640887268845547e-06
1.539438205619457667e-06
1.536287046194784152e-06
1.533189860660103842e-06
1.530144366817573113e-06
1.527147196481330555e-06
1.524215450602348937e-06
1.521341579941283680e-06
1.518538084272172890e-06
1.515774963975409767e-06
1.513100923649478635e-06
1.510493142912596140e-06
1.507952484454743837e-06
1.505473035199753601e-06
1.503089506377245502e-06
1.500766889481170991e-06
1.498535076976093560e-06
1.496357855420801192e-06
1.494274035354107390e-06
1.492279631116278146e-06
1.490353676578331063e-06
1.488509014283026427e-06
1.486746294313671440e-06
1.485079458867146804e-06
1.483490700790680060e-06
1.481983062758648794e-06
1.480554473165871265e-06
1.479220945512193220e-06
1.477975406614926453e-06
1.476813221737354447e-06
1.475724772630382653e-06
1.474736883643139945e-06
1.473835635479944501e-06
1.473019459487644372e-06
1.472277596923487531e-06
1.471636421006213306e-06
1.471074569675300783e-06
1.470598755535510518e-06
1.470202139425327800e-06
1.469894845936799740e-06
1.469670792021322802e-06
1.469531211953451734e-06
1.469473687866959632e-06
1.469487724005772544e-06
1.469586915714523694e-06
1.469772072143271398e-06
1.470030037346127855e-06
1.470359695889359128e-06
1.470774276055113926e-06
1.471263501273325516e-06
1.471830937933886358e-06
1.472460135565409320e-06
1.473173724719116055e-06
1.473955255219149226e-06
1.474809529076891104e-06
1.475723031989646315e-06
1.476708245912245729e-06
1.477760537048725949e-06
1.478877670705646244e-06
1.480047117310124960e-06
1.481286910464844971e-06
1.482590149199139300e-06
1.483951759351415042e-06
1.485366145288632735e-06
1.486832093312752889e-06
1.488364482659342014e-06
1.489952272447011057e-06
1.491588660259798121e-06
1.493267064046594138e-06
1.495008339808454356e-06
1.496795261428557667e-06
1.498633046046161553e-06
1.500506313248608194e-06
1.502433195306734384e-06
1.504405358562414530e-06
1.506421922368868869e-06
1.508468744958625254e-06
1.510567574565569504e-06
1.512707756573077833e-06
1.514884834246676676e-06
1.517092233175846305e-06
1.519343160936878658e-06
1.521627640289564211e-06
1.523946018962902600e-06
1.526299780406822035e-06
1.528669317069458237e-06
1.531080406358886708e-06
1.533523320401728784e-06
1.535991076889533478e-06
1.538473011016275951e-06
1.540993495081332695e-06
1.543539652677021124e-06
1.546110142053075565e-06
1.548691710954891253e-06
1.551304143354339050e-06
1.553938762299266123e-06
1.556595813731519684e-06
1.559256754780014938e-06
1.561945150114426015e-06
1.564652977191743508e-06
1.567373240469061580e-06
1.570107974805287701e-06
1.572845823337034510e-06
1.575606826846961782e-06
1.578378865761589863e-06
1.581157239697675623e-06
1.583936408392008040e-06
1.586735953751841548e-06
1.589541270253254572e-06
1.592351655345697713e-06
1.595159307762242698e-06
1.597982176766447422e-06
1.600808363573662953e-06
1.603640044506256325e-06
1.606463358382652062e-06
1.609300663607096003e-06
1.612134001960124107e-06
1.614971131006219963e-06
1.617795211491289154e-06
1.620624742031688732e-06
1.623448187708005813e-06
1.626272275250400843e-06
1.629089216412161414e-06
1.631885990945592850e-06
1.634686162959914046e-06
1.637481896496707285e-06
1.640273115662459578e-06
1.643041873749246109e-06
1.645809874660981113e-06
1.648575042414632657e-06
1.651328186634926092e-06
1.654059562126447436e-06
1.656786231479774166e-06
1.659505354532126952e-06
1.662213123177529218e-06
1.664892972241399370e-06
1.667573281387539688e-06
1.670240387063049301e-06
1.672891554937656333e-06
1.675513369901108369e-06
1.678133015679735983e-06
1.680735988126966380e-06
1.683322213524312172e-06
1.685889611670699252e-06
1.688432068613895886e-06
1.690966004832714402e-06
1.693483883815100068e-06
1.695980890971823634e-06
1.698449979248349473e-06
1.700914695421194902e-06
1.703361139751729277e-06
1.705784083370123123e-06
1.708172123748602002e-06
1.710551931524806147e-06
1.712909610991053183e-06
1.715238248575013765e-06
1.717531634456424603e-06
1.719812329067025688e-06
1.722065780772356993e-06
1.724296550730437307e-06
1.726492967343912860e-06
1.728670563189844765e-06
1.730824334631973805e-06
1.732953220438135307e-06
1.735056274009903413e-06
1.737121868709936833e-06
1.739166559798174327e-06
1.741183524551889296e-06
1.743177509092818439e-06
1.745127570253927650e-06
1.747055117268983462e-06
1.748961131365937330e-06
1.750835358162979061e-06
1.752670356174414465e-06
1.754482556391956799e-06
1.756267807675171473e-06
1.758029337496063526e-06
1.759749712166538092e-06
1.761441083970896097e-06
1.763112369843091048e-06
1.764752048016028339e-06
1.766356216175077826e-06
1.767917812529125887e-06
1.769460298571335726e-06
1.770969838496378172e-06
1.772438384178072235e-06
1.773867367584318657e-06
1.775280254679528285e-06
1.776653661328717403e-06
1.777994244914939411e-06
1.779293432234934701e-06
1.780575689020581583e-06
1.781821744198153965e-06
1.783028883454460040e-06
1.784198431186817274e-06
1.785346137526881438e-06
1.786459582865540501e-06
1.787538163918251356e-06
1.788570305605265897e-06
1.789585286944494225e-06
1.790563955221840961e-06
1.791502545095655155e-06
1.792415112624753247e-06
1.793280065058700070e-06
1.794116819147853653e-06
1.794922733707097965e-06
1.795694731317399621e-06
1.796427148894704045e-06
1.797122752858477281e-06
1.797792873063361717e-06
1.798433739788411387e-06
1.799024785567798231e-06
1.799591976947044249e-06
1.800127430755939750e-06
1.800631422197129999e-06
1.801087682990385437e-06
1.801513288472921105e-06
1.801905173685012571e-06
1.802254752355900018e-06
1.802560574267776794e-06
1.802832750838792508e-06
1.803067335488724173e-06
1.803266696081087370e-06
1.803429474557448417e-06
1.803534368762586006e-06
1.803622751302805411e-06
1.803667548163021023e-06
1.803674177962494353e-06
1.803631568571488400e-06
1.803559979038024329e-06
1.803454744826424976e-06
1.803297979306043309e-06
1.803096061919213016e-06
1.802861650332784357e-06
1.802595195164695758e-06
1.802272678613325206e-06
1.801904504215670776e-06
1.801513821598790335e-06
1.801074317766057349e-06
1.800593980912371312e-06
1.800068260094609543e-06
1.799498607877502856e-06
1.798899113050612237e-06
1.798244271442129780e-06
1.797540791966963705e-06
1.796795417986916938e-06
1.795996564868473752e-06
1.795156490059740508e-06
1.794275880812655355e-06
1.793330708479521080e-06
1.792348953963352587e-06
1.791307234402884540e-06
1.790227545974491182e-06
1.789093346009460249e-06
1.787911560065846721e-06
1.786685399805181108e-06
1.785409761981188809e-06
1.784067335396607912e-06
1.782676868574859496e-06
1.781247272683724515e-06
1.779760855604085556e-06
1.778222804612270253e-06
1.776621145064201928e-06
1.774977227238269762e-06
1.773272058959514367e-06
1.771514133153438559e-06
1.769688515250405306e-06
1.767826853901385292e-06
1.765895029010612023e-06
1.763924549683929096e-06
1.761869535258780153e-06
1.759771726472393877e-06
1.757624730605980120e-06
1.755420953717502175e-06
1.753138564784674083e-06
1.750820655677546205e-06
1.748448870491978858e-06
1.746009021710181538e-06
1.743505069725583861e-06
1.740958024076104771e-06
1.738347909523856616e-06
1.735676981037561883e-06
1.732946341138922328e-06
1.730165166462224002e-06
1.727337228220924309e-06
1.724440693533458466e-06
1.721496512440219966e-06
1.718487982491381987e-06
1.715444174401834827e-06
1.712334429270063492e-06
1.709182641515262325e-06
1.705979363940497579e-06
1.702732870826562738e-06
1.699435526045977477e-06
1.696096707036673952e-06
1.692710136314450855e-06
1.689282661705811129e-06
1.685817070651080454e-06
1.682313789991822338e-06
1.678777527381453695e-06
1.675202074348741859e-06
1.671600719827226326e-06
1.667972598412562088e-06
1.664310402499822635e-06
1.660628827733256194e-06
1.656931142842966410e-06
1.653211608512745546e-06
1.649477224153043831e-06
1.645717619518775957e-06
1.641956791823130710e-06
1.638186697176884795e-06
1.634411913508910404e-06
1.630622392716788735e-06
1.626845252847611756e-06
1.623071711827421541e-06
1.619306228199673870e-06
1.615537318107814468e-06
1.611792624481116724e-06
1.608062765452496262e-06
1.604352762931237343e-06
1.600654446185398476e-06
1.596990622480219389e-06
1.593355742611240820e-06
1.589751756023815306e-06
1.586170199182401718e-06
1.582635807136631787e-06
1.579141037647250427e-06
1.575686682721016869e-06
1.572279516606643288e-06
1.568911714831323300e-06
1.565602127452268454e-06
1.562343670471334102e-06
1.559142488971807038e-06
1.555991761895552775e-06
1.552908731388178262e-06
1.549890134182654370e-06
1.546935923701637136e-06
1.544042639922836194e-06
1.541225282965364273e-06
1.538479969082975602e-06
1.535807044566776331e-06
1.533202413637122257e-06
1.530680016584763116e-06
1.528233196151793777e-06
1.525866936142772056e-06
1.523572067022776409e-06
1.521364768949312225e-06
1.519238152953075871e-06
1.517196206443907371e-06
1.515230510395357969e-06
1.513355408653776251e-06
1.511566879161409205e-06
1.509864765634941107e-06
1.508250441808887382e-06
1.506712005559798719e-06
1.505270578961486591e-06
1.503915786404278658e-06
1.502649069352984923e-06
1.501458475702563828e-06
1.500364764495270692e-06
1.499358291931619346e-06
1.498439870884462613e-06
1.497601533633322742e-06
1.496851993317775676e-06
1.496190798846209250e-06
1.495621737603691918e-06
1.495127804458834515e-06
1.494718971753617448e-06
1.494404502219739259e-06
1.494172438311603087e-06
1.494007298100262881e-06
1.493933965977666889e-06
1.493942658982037031e-06
1.494032122858391302e-06
1.494203143070342584e-06
1.494437049388119677e-06
1.494760960923462967e-06
1.495160726952447616e-06
1.495635425617453764e-06
1.496174927872863603e-06
1.496796008311612761e-06
1.497489621232157119e-06
1.498253524462054869e-06
1.499086917436744639e-06
1.499988362166743479e-06
1.500960449468607110e-06
1.502005140423389194e-06
1.503101338903149134e-06
1.504267758712574808e-06
1.505502655963610539e-06
1.506798248777286895e-06
1.508149279580131536e-06
1.509568244021304698e-06
1.511047473028443750e-06
1.512581161513132862e-06
1.514179616640065324e-06
1.515816595977698487e-06
1.517518951856856735e-06
1.519271892270793792e-06
1.521079348517257163e-06
1.522928190766469147e-06
1.524831901966074101e-06
1.526783420836822318e-06
1.528785164757941016e-06
1.530816711020052843e-06
1.532897849026918179e-06
1.535031239305957244e-06
1.537204520960320175e-06
1.539403774622491672e-06
1.541653762936842136e-06
1.543943872878578211e-06
1.546267852517829548e-06
1.548616318074094833e-06
1.551011057470493172e-06
1.553434916565280831e-06
1.555898620996421262e-06
1.558388407973377400e-06
1.560900289154556881e-06
1.563445307293181460e-06
1.566021596039438604e-06
1.568625173301985084e-06
1.571240388878691291e-06
1.573894780830543117e-06
1.576569837269193032e-06
1.579266439378058736e-06
1.581974299643691148e-06
1.584718091270353358e-06
1.587478207903035463e-06
1.590259536939794713e-06
1.593048264308263232e-06
1.595865227069661690e-06
1.598695966732007375e-06
1.601545072041077771e-06
1.604396533264452649e-06
1.607271115843624262e-06
1.610157048205625611e-06
1.613051690624333954e-06
1.615946996367098014e-06
1.618860320243496483e-06
1.621785140691045866e-06
1.624717160757697945e-06
1.627656000444360843e-06
1.630593092975308713e-06
1.633547745841369671e-06
1.636503331714319861e-06
1.639470065083037049e-06
1.642425643288838124e-06
1.645392794866543361e-06
1.648365403637945336e-06
1.651340258222035392e-06
1.654298497549700385e-06
1.657270402148711026e-06
1.660246360573928811e-06
1.663216501436731511e-06
1.666174407037115761e-06
1.669142901230452166e-06
1.672106730153053459e-06
1.675073024898447888e-06
1.678016202532073672e-06
1.680971101164363746e-06
1.683909969321320614e-06
1.686850231492627253e-06
1.689779018101192080e-06
1.692692525064151310e-06
1.695602866122188245e-06
1.698497733298021612e-06
1.701388606258059271e-06
1.704258461421447296e-06
1.707121520839764833e-06
1.709975993062120748e-06
1.712818132356381338e-06
1.715634556153927831e-06
1.718447710007628369e-06
1.721244874483096849e-06
1.724027073913997873e-06
1.726786860094097219e-06
1.729539241217101811e-06
1.732275732490790134e-06
1.734991533586233623e-06
1.737680902744345525e-06
1.740359746684990019e-06
1.743023730960537881e-06
1.745668356070051378e-06
1.748279156682956780e-06
1.750878283686987274e-06
1.753458275066463045e-06
1.756020324270055314e-06
1.758561154558681011e-06
1.761065415910221152e-06
1.763559306888513124e-06
1.766032403777091770e-06
1.768491305605486042e-06
1.770910538631841434e-06
1.773317685973514997e-06
1.775700823953457680e-06
1.778057913150564846e-06
1.780381329190308254e-06
1.782690767594403425e-06
1.784972899358273664e-06
1.787221819532739539e-06
1.789433909338998304e-06
1.791631932252359415e-06
1.793799034967631141e-06
1.795938245362913767e-06
1.798037000376488935e-06
1.800120996104771691e-06
1.802181021394917206e-06
1.804203879898359767e-06
1.806201219342258951e-06
1.808155399513206462e-06
1.810095725307529175e-06
1.811999281158830548e-06
1.813864343393300316e-06
1.815691573900151512e-06
1.817502962110651422e-06
1.819277794848397320e-06
1.821016193313059557e-06
1.822708580030947756e-06
1.824384537781547324e-06
1.826037127642000859e-06
1.827636005862495044e-06
1.829204662443826383e-06
1.830740162889274797e-06
1.832241672840537453e-06
1.833710813956604135e-06
1.835126334900149998e-06
1.836513212904588813e-06
1.837872778510120243e-06
1.839176795219862757e-06
1.840439011045530079e-06
1.841666974949935944e-06
1.842861400436118334e-06
1.844008046277372174e-06
1.845121959731604016e-06
1.846187435929750429e-06
1.847200883128386263e-06
1.848188239585153176e-06
1.849139506779623267e-06
1.850027215482640868e-06
1.850878044677960843e-06
1.851692481677122512e-06
1.852471611163715889e-06
