1.218632140703354584e-05
1.218556043174380418e-05
1.218476011888200033e-05
1.218405000111869404e-05
1.218326439261575346e-05
1.218251068157539957e-05
1.218174774688933881e-05
1.218103009803217587e-05
1.218034966385410348e-05
1.217961760269718216e-05
1.217886036018676459e-05
1.217823636877170581e-05
1.217753120850606704e-05
1.217685421599122916e-05
1.217614166949222995e-05
1.217550304285309470e-05
1.217488036511298395e-05
1.217423893179893771e-05
1.217360256323595107e-05
1.217300529541771303e-05
1.217239668814430770e-05
1.217184493273406503e-05
1.217125724865096914e-05
1.217069567802056510e-05
1.217016297991358901e-05
1.216963288592320671e-05
1.216907985434561916e-05
1.216860555490073937e-05
1.216808338996926087e-05
1.216758530749765000e-05
1.216707504159949131e-05
1.216660390460124631e-05
1.216615543956156877e-05
1.216570982499113475e-05
1.216523373748333044e-05
1.216483403730967916e-05
1.216443854253676160e-05
1.216403674054321726e-05
1.216365290773181154e-05
1.216325958749848325e-05
1.216293140395510137e-05
1.216261431253671021e-05
1.216228353164028076e-05
1.216196660069592878e-05
1.216165975623198462e-05
1.216138672392499423e-05
1.216118599824241655e-05
1.216090135119085286e-05
1.216069902292348227e-05
1.216050379945696982e-05
1.216031266065429318e-05
1.216017981988916163e-05
1.216004930028832763e-05
1.215993723907130187e-05
1.215987920718124800e-05
1.215974485785292936e-05
1.215973473549846716e-05
1.215970359915764877e-05
1.215968174585828152e-05
1.215969345152239050e-05
1.215974839981140562e-05
1.215982840932921551e-05
1.215994835178994884e-05
1.216000276092893203e-05
1.216017989429686236e-05
1.216037585223888588e-05
1.216059714162427830e-05
1.216083971426341323e-05
1.216110565689251406e-05
1.216139511513954985e-05
1.216177711053336261e-05
1.216216656715216074e-05
1.216255762279370040e-05
1.216302265476150175e-05
1.216348430140799312e-05
1.216405790259329925e-05
1.216461797959313277e-05
1.216521644891140275e-05
1.216587539224205528e-05
1.216655846736467724e-05
1.216729434915073639e-05
1.216812516737770124e-05
1.216894617108054898e-05
1.216987448706393535e-05
1.217078906915646949e-05
1.217180505112302887e-05
1.217288819180131773e-05
1.217400261439710110e-05
1.217510957704860955e-05
1.217637398310951053e-05
1.217763012722428819e-05
1.217899747188644076e-05
1.218033760260515158e-05
1.218176728759664282e-05
1.218329608454714906e-05
1.218487191205436403e-05
1.218646877012642827e-05
1.218818407161740567e-05
1.218992285016510583e-05
1.219177506049723169e-05
1.219365617023916808e-05
1.219558991168004559e-05
1.219764304141382353e-05
1.219971467214078887e-05
1.220188703188715021e-05
1.220410476392425968e-05
1.220638436598402069e-05
1.220876743968425105e-05
1.221119486046508002e-05
1.221366328099859451e-05
1.221627414505448789e-05
1.221892562050101511e-05
1.222165045593105583e-05
1.222441594067731213e-05
1.222728260670748556e-05
1.223026822697674690e-05
1.223328309734398964e-05
1.223631497162435163e-05
1.223946564943621656e-05
1.224269877747705469e-05
1.224599409623005406e-05
1.224932626221392701e-05
1.225271512709701571e-05
1.225621630718815528e-05
1.225979997367979363e-05
1.226337137488878225e-05
1.226708788686464206e-05
1.227084548841336240e-05
1.227467009418167218e-05
1.227854617299947986e-05
1.228251725018353026e-05
1.228652553383618944e-05
1.229064445923366010e-05
1.229476199255975303e-05
1.229895730619973146e-05
1.230324676691666649e-05
1.230756852944921904e-05
1.231198870228225924e-05
1.231639369450060635e-05
1.232092709389882645e-05
1.232556160638380508e-05
1.233018387224402518e-05
1.233485813373243438e-05
1.233961414111162786e-05
1.234441610059485460e-05
1.234932609659732115e-05
1.235417509650158718e-05
1.235911276279851690e-05
1.236416903666412555e-05
1.236921567151433691e-05
1.237431591937449284e-05
1.237945246399843061e-05
1.238463183282880759e-05
1.238993093468476381e-05
1.239517794757746056e-05
1.240050917585569898e-05
1.240593215684628868e-05
1.241131320502705382e-05
1.241677813040500069e-05
1.242228792133258089e-05
1.242781253420305898e-05
1.243342932994599204e-05
1.243896893304771305e-05
1.244465553510423312e-05
1.245035233223813879e-05
1.245605315129469467e-05
1.246185248148216753e-05
1.246755300571953115e-05
1.247339604757134282e-05
1.247924120622545949e-05
1.248511311101800530e-05
1.249097245514511713e-05
1.249690135890363995e-05
1.250284828984721856e-05
1.250888380935188525e-05
1.251482524117439095e-05
1.252088057862044010e-05
1.252693211458676736e-05
1.253301697274593221e-05
1.253906706103024139e-05
1.254516297829853669e-05
1.255124651163017054e-05
1.255738999268343992e-05
1.256344390000863917e-05
1.256957696636898660e-05
1.257571971157810059e-05
1.258184961660856687e-05
1.258794122321038555e-05
1.259409908249392704e-05
1.260023443736622270e-05
1.260637247398310679e-05
1.261250349812265771e-05
1.261864585510663275e-05
1.262478283458890560e-05
1.263094257189476326e-05
1.263702703275037135e-05
1.264316942207273786e-05
1.264927471196127865e-05
1.265533605812579532e-05
1.266150161013275668e-05
1.266754488371715370e-05
1.267359847914521128e-05
1.267973808495785916e-05
1.268575788302307948e-05
1.269181804785272681e-05
1.269787583347507612e-05
1.270387316718162695e-05
1.270990382906872347e-05
1.271586616621585869e-05
1.272182032300207781e-05
1.272781917402544553e-05
1.273369747230400593e-05
1.273960341616455020e-05
1.274546179529669171e-05
1.275132949267739008e-05
1.275721179734622549e-05
1.276294164511352825e-05
1.276877295786406814e-05
1.277457315418709377e-05
1.278030002626380348e-05
1.278603169910919945e-05
1.279174466141322415e-05
1.279740998355633883e-05
1.280310142012494068e-05
1.280870166620131239e-05
1.281431973891948867e-05
1.281991446428751244e-05
1.282544902169276104e-05
1.283099634555875484e-05
1.283642863349140239e-05
1.284195512013586903e-05
1.284738832696841300e-05
1.285279012830801313e-05
1.285820051232278746e-05
1.286355366838351707e-05
1.286888091626443983e-05
1.287416434723813894e-05
1.287937000206319979e-05
1.288460933651645064e-05
1.288975097198904474e-05
1.289491841162495781e-05
1.289997381153404847e-05
1.290502613342342747e-05
1.291003642308208146e-05
1.291500055319630053e-05
1.291990606082344829e-05
1.292478271956085270e-05
1.292961240386214830e-05
1.293447407989511741e-05
1.293915549942712586e-05
1.294389680575307160e-05
1.294861243168542826e-05
1.295323207725762689e-05
1.295781871393518648e-05
1.296237855112343344e-05
1.296686693672308557e-05
1.297139654671084274e-05
1.297571432783681615e-05
1.298011278762467445e-05
1.298450256576421328e-05
1.298875918948584045e-05
1.299301511729961296e-05
1.299720158931386000e-05
1.300132708904036689e-05
1.300552937269310807e-05
1.300961001723018220e-05
1.301362351000747354e-05
1.301764660583525841e-05
1.302160763905220968e-05
1.302559569156948312e-05
1.302942745207405544e-05
1.303326749865238801e-05
1.303709848031409895e-05
1.304080500093010239e-05
1.304449495041754394e-05
1.304817218831906479e-05
1.305174016154215128e-05
1.305536638588685780e-05
1.305879782250947269e-05
1.306231606112519315e-05
1.306577060881218899e-05
1.306913664733395587e-05
1.307246101534335362e-05
1.307577610911426800e-05
1.307902026487792030e-05
1.308222925201280258e-05
1.308531317670530172e-05
1.308844755203709457e-05
1.309154409174060569e-05
1.309454210574019616e-05
1.309746949476365023e-05
1.310039439042360896e-05
1.310328640142442331e-05
1.310612054708540026e-05
1.310893471244519596e-05
1.311165943834397648e-05
1.311433658288014335e-05
1.311698270366729381e-05
1.311958189140834970e-05
1.312211765419692414e-05
1.312461317594929579e-05
1.312704760517254702e-05
1.312945476085289911e-05
1.313173995359768971e-05
1.313401081083237588e-05
1.313629575858591385e-05
1.313843915969334361e-05
1.314052657039095340e-05
1.314263382881392969e-05
1.314467812415085865e-05
1.314669421164781008e-05
1.314856186984729833e-05
1.315045725287901105e-05
1.315230170215543296e-05
1.315408228797302380e-05
1.315580583354496468e-05
1.315749605683244101e-05
1.315910607494995141e-05
1.316069854799198566e-05
1.316228237524161813e-05
1.316370004885841625e-05
1.316522012055985818e-05
1.316660592863132645e-05
1.316792598820013567e-05
1.316929144805666794e-05
1.317054823458231376e-05
1.317180121613061841e-05
1.317295071990960113e-05
1.317399616518478781e-05
1.317513367796520542e-05
1.317613709257267159e-05
1.317709951063127643e-05
1.317803745406007792e-05
1.317888806735180005e-05
1.317971612961355653e-05
1.318054710653735160e-05
1.318124532924651931e-05
1.318194237288447087e-05
1.318260729116074746e-05
1.318326653676291516e-05
1.318379002750696131e-05
1.318433066912496139e-05
1.318483501467014168e-05
1.318524745138879644e-05
1.318567165753154347e-05
1.318606476872795699e-05
1.318635606343752390e-05
1.318665402641573836e-05
1.318684756203603453e-05
1.318708197913979123e-05
1.318729982850858457e-05
1.318739951543916814e-05
1.318748310138964103e-05
1.318754615133016896e-05
1.318761928113021577e-05
1.318767299163231764e-05
1.318761934957777763e-05
1.318759428130508058e-05
1.318752898417559125e-05
1.318743726640590880e-05
1.318734481976001470e-05
1.318720206748312865e-05
1.318699360442827447e-05
1.318681839768807729e-05
1.318658665610353873e-05
1.318633425320107283e-05
1.318607893313556802e-05
1.318577112472658645e-05
1.318551666443833584e-05
1.318512743538388706e-05
1.318482796962683115e-05
1.318450004461558743e-05
1.318409962794401158e-05
1.318370045969996659e-05
1.318336472479269261e-05
1.318296662603224537e-05
1.318258566829110309e-05
1.318214017746290087e-05
1.318173458488809586e-05
1.318135867898907693e-05
1.318096907029664144e-05
1.318051184893366414e-05
1.318016528375981734e-05
1.317975629496309474e-05
1.317936462739796243e-05
1.317901519992090028e-05
1.317865383328780089e-05
1.317831263086243112e-05
1.317795053178121604e-05
1.317762110877495782e-05
1.317734509156046159e-05
1.317702184581462266e-05
1.317674841506762325e-05
1.317649092032174214e-05
1.317620335331160218e-05
1.317595814881039448e-05
1.317578897634583757e-05
1.317557812585245466e-05
1.317536531753878788e-05
1.317527332493194555e-05
1.317520856715624193e-05
1.317512926515295047e-05
1.317503661702874175e-05
1.317500744681575559e-05
1.317505861476846162e-05
1.317516043216769147e-05
1.317518605288019629e-05
1.317533189263947001e-05
1.317546677729746143e-05
1.317566100059692095e-05
1.317588896099539342e-05
1.317617729741318126e-05
1.317648479757033585e-05
1.317687875138564023e-05
1.317721921479789429e-05
1.317774142608499571e-05
1.317825124917222570e-05
1.317875667933080788e-05
1.317931030109917756e-05
1.317995628453168284e-05
1.318064323848951219e-05
1.318136858639964527e-05
1.318206567484537717e-05
1.318288554131346697e-05
1.318378521670772275e-05
1.318461953424292722e-05
1.318563322790337075e-05
1.318659054743073552e-05
1.318762878821192720e-05
1.318875947249579230e-05
1.318989003225013218e-05
1.319109099172477458e-05
1.319234466208084115e-05
1.319359330162938733e-05
1.319498954753241544e-05
1.319633600131530782e-05
1.319778488865661264e-05
1.319931088277997025e-05
1.320081551795126390e-05
1.320238615823929949e-05
1.320406745817350690e-05
1.320573014786935886e-05
1.320749169438431400e-05
1.320925764943630995e-05
1.321112219048447050e-05
1.321301677073650617e-05
1.321496104124681283e-05
1.321685380568039750e-05
1.321891673336633350e-05
1.322096657348700911e-05
1.322306708924072340e-05
1.322523734930652755e-05
1.322742222901936215e-05
1.322960160212177033e-05
1.323190475715924187e-05
1.323421084087514153e-05
1.323653450794450712e-05
1.323894373389665439e-05
1.324137392858797750e-05
1.324385058582476122e-05
1.324633840579371646e-05
1.324881586911193706e-05
1.325142885051476916e-05
1.325403148057338066e-05
1.325660122933951745e-05
1.325932131294641327e-05
1.326202130181008231e-05
1.326470284026965416e-05
1.326748571129294462e-05
1.327024659828432891e-05
1.327306587541834365e-05
1.327596334569380717e-05
1.327873879800806200e-05
1.328165925339601133e-05
1.328463618786405060e-05
1.328755453924387180e-05
1.329055853755634914e-05
1.329356854614263793e-05
1.329655537889420973e-05
1.329968588852091718e-05
1.330269631783241465e-05
1.330577865849766915e-05
1.330891300810944378e-05
1.331196460482170128e-05
1.331508727762661053e-05
1.331824534573059586e-05
1.332135558515412715e-05
1.332452604074792129e-05
1.332765010875854359e-05
1.333080144663164927e-05
1.333403407311991020e-05
1.333717915776546586e-05
1.334037435298208931e-05
1.334353588420234639e-05
1.334670402581382347e-05
1.334991029849808815e-05
1.335309454928261394e-05
1.335621046974068954e-05
1.335937599484978612e-05
1.336254667333372057e-05
1.336572089999474395e-05
1.336884174598341111e-05
1.337200407474515119e-05
1.337512054353544144e-05
1.337827150667631098e-05
1.338139270876871006e-05
1.338449856717040515e-05
1.338762799380257701e-05
1.339071249578316971e-05
1.339373033764736401e-05
1.339685892620144464e-05
1.339985519752745527e-05
1.340287744158390539e-05
1.340587945527887496e-05
1.340880098955559638e-05
1.341180634252735805e-05
1.341479600133426300e-05
1.341762479284894323e-05
1.342061496427679465e-05
1.342346479097196423e-05
1.342631407110913300e-05
1.342924627045623357e-05
1.343198228875044707e-05
1.343482679522076008e-05
1.343766948429247873e-05
1.344031443480846535e-05
1.344314009294595818e-05
1.344586459788243352e-05
1.344851406632480755e-05
1.345128677251194348e-05
1.345384444707777607e-05
1.345648995404041916e-05
1.345919430364944643e-05
1.346171541649744998e-05
1.346427550922019975e-05
1.346683088292372540e-05
1.346929255669122509e-05
1.347184359022128510e-05
1.347422224603265662e-05
1.347662654339227631e-05
1.347902123672043327e-05
1.348136499144530805e-05
1.348364916751527821e-05
1.348595028837031456e-05
1.348820575800320921e-05
1.349041709230252057e-05
1.349259296422177153e-05
1.349478098720582108e-05
1.349690275507156607e-05
1.349903367057809597e-05
1.350105927012186438e-05
1.350304394601227615e-05
1.350512254294681884e-05
1.350708019908504516e-05
1.350897080770519076e-05
1.351094151347315326e-05
1.351274521113316546e-05
1.351463037117998128e-05
1.351646638300344046e-05
1.351817152303524478e-05
1.351998414646273413e-05
1.352169737824617412e-05
1.352331893972409031e-05
1.352505586567976320e-05
1.352667275613914155e-05
1.352824630295740130e-05
1.352995099044123337e-05
1.353138939003065793e-05
1.353300584719376259e-05
1.353460387095899105e-05
1.353601863547890779e-05
1.353752621639370579e-05
1.353896898385282848e-05
1.354032109386722108e-05
1.354184519636032584e-05
1.354312664753096237e-05
1.354444638073396207e-05
1.354583433319618628e-05
1.354704190983180704e-05
1.354834752274393100e-05
1.354964182233498981e-05
1.355080005261156679e-05
1.355209420038503275e-05
1.355324209362225773e-05
1.355441372081348874e-05
1.355564761760905704e-05
1.355672754148568192e-05
1.355784721414874108e-05
1.355896741704044919e-05
1.356004715703786623e-05
1.356119051351566822e-05
1.356221667968013906e-05
1.356324235873125596e-05
1.356432043768193543e-05
1.356536897489950078e-05
1.356645315638408916e-05
1.356744503351547216e-05
1.356843244626541834e-05
1.356945537552706272e-05
1.357044883940019379e-05
1.357142061943711530e-05
1.357240555505234472e-05
1.357328609547217617e-05
1.357427271378581471e-05
1.357512994679767279e-05
1.357604705069483925e-05
1.357700293793934996e-05
1.357783209190978484e-05
1.357870410931433359e-05
1.357958540516279282e-05
1.358038303705370169e-05
1.358134688220513562e-05
1.358207212937177034e-05
1.358288180638530965e-05
1.358381775168323794e-05
1.358451762130209725e-05
1.358533592804437528e-05
1.358619667074279668e-05
1.358684770854633194e-05
1.358777053471418324e-05
1.358848429762308474e-05
1.358920354692178975e-05
1.359009932641431686e-05
1.359078217383936983e-05
1.359153974086010348e-05
1.359241184471856754e-05
1.359306696190264345e-05
1.359391715607681696e-05
1.359465464829940525e-05
1.359528682105503981e-05
1.359616574225584035e-05
1.359684529441174713e-05
1.359754897753373403e-05
1.359833002176009206e-05
1.359897806332709817e-05
1.359972243615598203e-05
1.360046070658383782e-05
1.360106964103628899e-05
1.360186234238382126e-05
1.360254176483471633e-05
1.360319819017627438e-05
1.360392828290137794e-05
1.360454866757839854e-05
1.360524122355837166e-05
1.360594510079584098e-05
1.360653988414710456e-05
1.360722503913220809e-05
1.360783779382629139e-05
1.360846131011252988e-05
1.360911819934067529e-05
1.360967160170532953e-05
1.361032422392265291e-05
1.361092355045450822e-05
1.361143939305726693e-05
1.361207410856946975e-05
1.361257923395826729e-05
1.361314755282724950e-05
1.361370367113212027e-05
1.361409555177602562e-05
1.361466600003816791e-05
1.361512952687144788e-05
1.361550039635757716e-05
1.361601148677313960e-05
1.361634024686313596e-05
1.361672156578419558e-05
1.361717347674268925e-05
1.361743337619025398e-05
1.361780661498071586e-05
1.361812720744250040e-05
1.361832381335695959e-05
1.361866715874714937e-05
1.361884726063232859e-05
1.361906972546632462e-05
1.361934746178300858e-05
1.361935107515761766e-05
1.361952299958941455e-05
1.361969522517325567e-05
1.361971779134803151e-05
1.361984536200664628e-05
1.361983648087661113e-05
1.361976555466752190e-05
1.361986907741912311e-05
1.361970803038437924e-05
1.361963300381495960e-05
1.361959268274319130e-05
1.361938961559854875e-05
1.361929869908725184e-05
1.361914883846161696e-05
1.361887038254109279e-05
1.361875450260343334e-05
1.361842780469052284e-05
1.361814638209546994e-05
1.361791624943642998e-05
1.361753494814480938e-05
1.361720357033559347e-05
1.361681381309774489e-05
1.361637900583178270e-05
1.361602430793220966e-05
1.361552585132350326e-05
1.361503459098764422e-05
1.361459848006115541e-05
1.361405131857644873e-05
1.361354919667529059e-05
1.361301195128578107e-05
1.361239003602094814e-05
1.361189092710983125e-05
1.361123680981488828e-05
1.361057163201955818e-05
1.360997096983076586e-05
1.360925493872845944e-05
1.360864624888807982e-05
1.360796084256564440e-05
1.360717545215810402e-05
1.360659181024407511e-05
1.360581653810433740e-05
1.360506120481511575e-05
1.360439831042852471e-05
1.360356755009184029e-05
1.360286859024413397e-05
1.360210624724401756e-05
1.360125949926260420e-05
1.360058255012064235e-05
1.359979270328423726e-05
1.359891952794937119e-05
1.359824779154573139e-05
1.359738351828275333e-05
1.359660626954172940e-05
1.359588186536761685e-05
1.359500926289863948e-05
1.359428107199951080e-05
1.359354435832585498e-05
1.359273268307894980e-05
1.359209880014333380e-05
1.359131750427111044e-05
1.359057823170907613e-05
1.358996850818495982e-05
1.358917335078774948e-05
1.358855520801065901e-05
1.358796057347243028e-05
1.358727420553156383e-05
1.358673735293037828e-05
1.358615211973061176e-05
1.358556421182024202e-05
1.358514789373553350e-05
1.358454946186115455e-05
1.358411357610972656e-05
1.358375897458752059e-05
1.358330964091650094e-05
1.358295958711700940e-05
1.358263856746956205e-05
1.358230489443286489e-05
1.358213924567170634e-05
1.358184351677064076e-05
1.358168541988619855e-05
1.358160877590571611e-05
1.358144203189099544e-05
1.358140007177134636e-05
1.358141040549510478e-05
1.358140334468563797e-05
1.358156484348973091e-05
1.358163040740343119e-05
1.358180711535310919e-05
1.358209473782663959e-05
1.358234776368359127e-05
1.358265333937540990e-05
1.358302829955736088e-05
1.358343824669095302e-05
1.358395690458959701e-05
1.358445668724476566e-05
1.358504661751142702e-05
1.358571508997876542e-05
1.358634922841801256e-05
1.358713663327223566e-05
1.358791268685088740e-05
1.358874557380257902e-05
1.358975145677611255e-05
1.359070748282659742e-05
1.359171486203222087e-05
1.359288133644532669e-05
1.359397783609158486e-05
1.359526865727338687e-05
1.359654542560650449e-05
1.359779520845402919e-05
1.359929667287096180e-05
1.360072636687195626e-05
1.360217924642680494e-05
1.360383981822797247e-05
1.360541327543547423e-05
1.360705362807431237e-05
1.360884922781610438e-05
1.361060146459379126e-05
1.361252190112062368e-05
1.361449697637172791e-05
1.361636148574762402e-05
1.361844752007853640e-05
1.362057445625157658e-05
1.362268960353984428e-05
1.362497122185920279e-05
1.362716302919165665e-05
1.362949634301097213e-05
1.363196626289573131e-05
1.363437038486035042e-05
1.363689885515395122e-05
1.363948422434102645e-05
1.364207120615236615e-05
1.364483925377427470e-05
1.364755031531243220e-05
1.365035767479348287e-05
1.365328054058933284e-05
1.365615843335733450e-05
1.365911509923877186e-05
1.366216989528733305e-05
1.366524990969334616e-05
1.366836899138738219e-05
1.367151163579865408e-05
1.367467352001492832e-05
1.367802211428227682e-05
1.368131714059311927e-05
1.368467699940492212e-05
1.368811827524998799e-05
1.369154168042182549e-05
1.369511011379950266e-05
1.369865912605371966e-05
1.370230585625895676e-05
1.370597680404566595e-05
1.370971088884855412e-05
1.371340021816900045e-05
1.371727240836055716e-05
1.372110448373812322e-05
1.372505586185875670e-05
1.372898966422190734e-05
1.373295096455018862e-05
1.373706341282251473e-05
1.374115163190970176e-05
1.374524951702126653e-05
1.374946129208476260e-05
1.375364483180898212e-05
1.375792412235021770e-05
1.376220163740903310e-05
1.376648250182690086e-05
1.377090303547832273e-05
1.377529295636883745e-05
1.377967768073566326e-05
1.378414388985055083e-05
1.378859059870181125e-05
1.379310931432617442e-05
1.379768405788353766e-05
1.380214365064263131e-05
1.380678404929008649e-05
1.381149225668154526e-05
1.381607081975084714e-05
1.382074430437531465e-05
1.382544917758322263e-05
1.383009801601211718e-05
1.383489293511245779e-05
1.383964193181285705e-05
1.384436331349401690e-05
1.384922105353502871e-05
1.385402716399867239e-05
1.385886820602926971e-05
1.386376287441049074e-05
1.386865755602984570e-05
1.387353585881579657e-05
1.387853073165578219e-05
1.388343642518298730e-05
1.388843874994403658e-05
1.389345713612255253e-05
1.389837693988192402e-05
1.390342131481343768e-05
1.390847268569245687e-05
1.391352555996887348e-05
1.391857648499900237e-05
1.392362874516958316e-05
1.392870942061230150e-05
1.393381317084040198e-05
1.393892240352734124e-05
1.394401094295246390e-05
1.394913415977549416e-05
1.395426279483821352e-05
1.395945931405160922e-05
1.396454181585115593e-05
1.396973873424213491e-05
1.397484210801543916e-05
1.398001356944591411e-05
1.398518952122721061e-05
1.399033441544608452e-05
1.399550791688258843e-05
1.400068768613061339e-05
1.400576438912217445e-05
1.401093215048939353e-05
1.401615294798009785e-05
1.402123772234249263e-05
1.402643387821579132e-05
1.403153092585639826e-05
1.403665027056239518e-05
1.404189662599087620e-05
1.404701910746886524e-05
1.405211904088896630e-05
1.405736871913141717e-05
1.406239424026726652e-05
1.406749150829739972e-05
1.407266682657317502e-05
1.407769694155275224e-05
1.408281624283827158e-05
1.408785827684470709e-05
1.409280458727495516e-05
1.409787372432480762e-05
1.410293254764849913e-05
1.410782539839855258e-05
1.411283487076482954e-05
1.411772323936662008e-05
1.412264417222675139e-05
1.412765168879348728e-05
1.413246693462504204e-05
1.413739599061824809e-05
1.414224334938310401e-05
1.414704656304411248e-05
1.415183750705272820e-05
1.415662859453502019e-05
1.416137342304962205e-05
1.416612714529367086e-05
1.417081264439782050e-05
1.417553633844029149e-05
1.418024425391025094e-05
1.418483064055177197e-05
1.418946901852710299e-05
1.419402434099172794e-05
1.419857226510167823e-05
1.420326130523743832e-05
1.420765443367290386e-05
1.421210247195632224e-05
1.421662676183147672e-05
1.422089795172098635e-05
1.422532357607682500e-05
1.422966692923969942e-05
1.423394362459978663e-05
1.423832662040173175e-05
1.424248833591361243e-05
1.424660659878466306e-05
1.425095455763718712e-05
1.425495552500294367e-05
1.425904464129017636e-05
1.426317991960017089e-05
1.426705702751459647e-05
1.427110513275095572e-05
1.427506453709434880e-05
1.427879628372467539e-05
1.428272537683327904e-05
1.428644278839099202e-05
1.429010451619477656e-05
1.429390825116707219e-05
1.429745626070535658e-05
1.430112353190795165e-05
1.430471332444412655e-05
1.430810106650133987e-05
1.431162462096807593e-05
1.431502172423700721e-05
1.431830540621928847e-05
1.432161924328881351e-05
1.432483092094812123e-05
1.432799697865214308e-05
1.433121914953240087e-05
1.433415709538390055e-05
1.433719430008124465e-05
1.434019813587650890e-05
1.434300536305467917e-05
1.434594472252525484e-05
1.434871705078278651e-05
1.435137705981157471e-05
1.435420760592757148e-05
1.435674071965576033e-05
1.435922666392431490e-05
1.436188374575886644e-05
1.436422367568334220e-05
1.436660135143565715e-05
1.436901676115230850e-05
1.437117551914953982e-05
1.437347709065760865e-05
1.437564296893338210e-05
1.437761791950028782e-05
1.437977488340549034e-05
1.438173052515965001e-05
1.438355020972782654e-05
1.438555624403604639e-05
1.438726772651369278e-05
1.438901265857106937e-05
1.439078916039885256e-05
1.439229415172641620e-05
1.439393116849427838e-05
1.439554442647539181e-05
1.439686686110822723e-05
1.439833125770442992e-05
1.439965179625235273e-05
1.440085465973353605e-05
1.440221974921619447e-05
1.440324981197929541e-05
1.440430325581306602e-05
1.440545455755860445e-05
1.440631306215401577e-05
1.440725409439725742e-05
